0 1
0 2
0 4
0 5
0 6
0 9
0 12
0 17
0 21
0 22
0 23
0 25
0 26
0 27
0 28
0 30
0 37
0 40
0 41
0 43
0 44
0 45
0 46
0 47
0 49
0 51
0 56
0 57
0 59
0 60
0 64
0 65
0 68
0 70
0 71
0 73
0 74
0 76
0 79
0 80
0 82
0 83
0 84
0 85
0 86
0 87
0 88
0 91
0 92
0 93
0 97
1 3
1 4
1 6
1 7
1 11
1 12
1 13
1 14
1 15
1 18
1 19
1 22
1 23
1 25
1 26
1 27
1 28
1 29
1 30
1 32
1 35
1 36
1 38
1 40
1 41
1 42
1 44
1 45
1 49
1 50
1 51
1 52
1 54
1 56
1 57
1 58
1 59
1 60
1 62
1 66
1 67
1 68
1 70
1 78
1 80
1 82
1 85
1 86
1 88
1 93
1 95
1 96
1 98
2 8
2 11
2 12
2 17
2 18
2 19
2 20
2 22
2 23
2 25
2 26
2 27
2 28
2 29
2 32
2 35
2 36
2 37
2 38
2 40
2 42
2 46
2 48
2 52
2 53
2 55
2 56
2 58
2 59
2 60
2 61
2 63
2 65
2 66
2 70
2 72
2 74
2 79
2 80
2 81
2 82
2 83
2 86
2 87
2 88
2 89
2 91
2 93
2 94
2 95
2 97
2 98
3 6
3 12
3 13
3 14
3 15
3 19
3 20
3 22
3 26
3 28
3 30
3 32
3 33
3 36
3 38
3 41
3 42
3 43
3 45
3 46
3 47
3 48
3 49
3 51
3 56
3 59
3 61
3 62
3 63
3 71
3 73
3 74
3 75
3 80
3 82
3 83
3 84
3 85
3 86
3 89
3 90
3 92
3 98
3 99
4 6
4 7
4 8
4 9
4 10
4 13
4 14
4 17
4 19
4 23
4 26
4 27
4 31
4 32
4 33
4 34
4 35
4 38
4 39
4 40
4 46
4 47
4 53
4 56
4 59
4 60
4 62
4 66
4 72
4 73
4 78
4 79
4 80
4 81
4 85
4 86
4 87
4 89
4 90
4 92
4 95
4 96
4 98
4 99
5 6
5 10
5 11
5 12
5 13
5 14
5 17
5 18
5 19
5 21
5 23
5 25
5 27
5 28
5 29
5 31
5 32
5 33
5 36
5 37
5 38
5 39
5 42
5 45
5 46
5 47
5 49
5 50
5 52
5 53
5 55
5 56
5 57
5 60
5 61
5 62
5 63
5 64
5 65
5 69
5 75
5 78
5 79
5 82
5 83
5 86
5 89
5 91
5 92
5 93
5 97
6 7
6 12
6 14
6 21
6 23
6 27
6 28
6 30
6 32
6 33
6 34
6 35
6 36
6 42
6 43
6 44
6 45
6 48
6 49
6 54
6 55
6 56
6 59
6 60
6 63
6 64
6 67
6 68
6 70
6 72
6 73
6 74
6 76
6 77
6 78
6 79
6 80
6 81
6 82
6 83
6 84
6 89
6 91
6 95
6 98
6 99
7 8
7 12
7 13
7 15
7 17
7 18
7 19
7 22
7 28
7 32
7 34
7 39
7 41
7 42
7 43
7 47
7 48
7 49
7 51
7 55
7 56
7 60
7 64
7 65
7 71
7 74
7 76
7 77
7 79
7 81
7 84
7 85
7 86
7 87
7 89
7 90
7 91
7 93
7 96
7 97
8 9
8 12
8 13
8 14
8 17
8 20
8 21
8 24
8 26
8 27
8 30
8 31
8 33
8 34
8 35
8 36
8 38
8 39
8 40
8 41
8 42
8 46
8 50
8 51
8 54
8 57
8 58
8 59
8 62
8 63
8 64
8 65
8 67
8 68
8 69
8 70
8 71
8 73
8 74
8 77
8 81
8 83
8 84
8 85
8 91
8 92
8 93
8 97
8 98
8 99
9 11
9 12
9 13
9 15
9 17
9 21
9 26
9 28
9 29
9 31
9 33
9 34
9 38
9 39
9 45
9 47
9 49
9 50
9 51
9 55
9 56
9 57
9 61
9 62
9 66
9 67
9 70
9 71
9 74
9 75
9 76
9 77
9 78
9 80
9 83
9 84
9 85
9 87
9 89
9 90
9 91
9 92
9 93
9 94
9 95
9 98
10 11
10 14
10 17
10 19
10 21
10 25
10 27
10 28
10 33
10 34
10 36
10 37
10 39
10 41
10 42
10 43
10 47
10 49
10 51
10 52
10 53
10 55
10 58
10 65
10 66
10 68
10 69
10 71
10 74
10 75
10 76
10 78
10 80
10 81
10 82
10 85
10 88
10 89
10 91
10 92
10 93
10 95
10 96
11 12
11 17
11 18
11 19
11 21
11 25
11 27
11 28
11 29
11 32
11 33
11 37
11 38
11 41
11 42
11 44
11 45
11 47
11 48
11 52
11 56
11 57
11 58
11 59
11 60
11 61
11 62
11 67
11 69
11 70
11 71
11 73
11 75
11 77
11 78
11 80
11 84
11 86
11 87
11 88
11 89
11 90
11 91
11 92
11 93
11 94
11 95
11 97
11 99
12 13
12 14
12 15
12 16
12 17
12 20
12 22
12 23
12 28
12 30
12 31
12 32
12 35
12 39
12 40
12 41
12 44
12 45
12 46
12 47
12 48
12 49
12 53
12 55
12 56
12 59
12 61
12 62
12 65
12 69
12 71
12 72
12 73
12 77
12 78
12 79
12 80
12 81
12 83
12 84
12 85
12 86
12 88
12 89
12 90
12 94
12 97
12 98
13 14
13 18
13 21
13 22
13 23
13 24
13 25
13 26
13 28
13 29
13 30
13 31
13 33
13 34
13 35
13 37
13 39
13 41
13 46
13 48
13 49
13 50
13 51
13 53
13 54
13 55
13 59
13 60
13 61
13 63
13 68
13 69
13 71
13 76
13 78
13 79
13 80
13 82
13 83
13 84
13 85
13 86
13 94
13 97
14 15
14 16
14 18
14 19
14 22
14 26
14 28
14 29
14 31
14 33
14 34
14 38
14 42
14 45
14 49
14 54
14 55
14 57
14 66
14 68
14 71
14 74
14 75
14 77
14 79
14 81
14 83
14 86
14 89
14 92
14 94
14 96
14 97
14 99
15 16
15 17
15 18
15 19
15 21
15 22
15 23
15 24
15 25
15 27
15 29
15 30
15 31
15 33
15 35
15 38
15 39
15 40
15 48
15 49
15 50
15 54
15 55
15 56
15 58
15 60
15 61
15 62
15 63
15 64
15 65
15 66
15 68
15 70
15 74
15 75
15 76
15 77
15 79
15 80
15 83
15 86
15 87
15 90
15 91
15 92
15 93
15 94
16 17
16 18
16 23
16 24
16 26
16 27
16 28
16 29
16 31
16 33
16 36
16 39
16 40
16 41
16 44
16 47
16 48
16 49
16 51
16 59
16 60
16 61
16 62
16 63
16 65
16 66
16 68
16 70
16 72
16 73
16 74
16 75
16 76
16 77
16 78
16 79
16 81
16 83
16 87
16 88
16 95
16 96
16 98
16 99
17 19
17 20
17 22
17 23
17 24
17 26
17 27
17 29
17 30
17 31
17 35
17 36
17 38
17 41
17 46
17 47
17 49
17 50
17 54
17 55
17 58
17 60
17 61
17 63
17 64
17 66
17 69
17 70
17 74
17 80
17 86
17 89
17 90
17 92
17 93
17 94
17 96
17 98
17 99
18 19
18 20
18 21
18 22
18 24
18 25
18 26
18 29
18 30
18 33
18 34
18 35
18 36
18 37
18 38
18 42
18 43
18 44
18 45
18 47
18 49
18 51
18 52
18 54
18 57
18 59
18 62
18 65
18 71
18 72
18 73
18 74
18 75
18 79
18 80
18 81
18 82
18 83
18 84
18 85
18 86
18 89
18 94
18 98
18 131
19 20
19 21
19 22
19 24
19 25
19 26
19 30
19 32
19 34
19 35
19 36
19 39
19 40
19 45
19 49
19 51
19 52
19 54
19 56
19 69
19 73
19 76
19 77
19 79
19 81
19 84
19 89
19 90
19 95
19 97
19 98
20 21
20 22
20 23
20 25
20 27
20 28
20 29
20 30
20 31
20 32
20 33
20 36
20 38
20 41
20 48
20 49
20 50
20 53
20 55
20 56
20 57
20 59
20 60
20 63
20 65
20 75
20 76
20 77
20 79
20 80
20 87
20 90
20 92
20 97
21 23
21 24
21 30
21 32
21 33
21 36
21 39
21 41
21 45
21 46
21 47
21 48
21 50
21 51
21 53
21 55
21 57
21 62
21 64
21 65
21 68
21 69
21 70
21 72
21 75
21 76
21 77
21 78
21 81
21 86
21 89
21 90
21 94
21 97
22 23
22 26
22 27
22 28
22 29
22 31
22 32
22 33
22 38
22 39
22 41
22 42
22 46
22 48
22 49
22 50
22 51
22 52
22 54
22 55
22 56
22 59
22 61
22 63
22 65
22 67
22 68
22 69
22 71
22 73
22 74
22 75
22 76
22 78
22 79
22 80
22 81
22 83
22 84
22 87
22 89
22 90
22 91
22 93
22 94
22 98
22 99
23 26
23 27
23 32
23 35
23 37
23 38
23 39
23 40
23 41
23 42
23 43
23 48
23 50
23 51
23 54
23 55
23 56
23 58
23 60
23 63
23 64
23 65
23 66
23 69
23 71
23 72
23 73
23 74
23 75
23 76
23 79
23 80
23 82
23 84
23 85
23 86
23 87
23 89
23 91
23 92
23 93
23 94
23 95
23 96
23 99
24 25
24 26
24 28
24 32
24 33
24 34
24 35
24 37
24 39
24 40
24 41
24 42
24 44
24 46
24 47
24 50
24 53
24 54
24 57
24 59
24 61
24 62
24 63
24 68
24 69
24 72
24 74
24 75
24 76
24 77
24 87
24 88
24 89
24 91
24 92
24 94
24 96
24 97
24 98
25 27
25 28
25 30
25 32
25 35
25 36
25 37
25 40
25 41
25 42
25 43
25 44
25 47
25 48
25 52
25 54
25 55
25 56
25 58
25 60
25 63
25 64
25 65
25 66
25 68
25 69
25 72
25 73
25 74
25 75
25 76
25 77
25 78
25 79
25 81
25 82
25 83
25 84
25 86
25 88
25 89
25 90
25 91
25 93
25 94
25 97
25 99
26 28
26 30
26 31
26 34
26 36
26 38
26 41
26 42
26 44
26 54
26 56
26 60
26 62
26 64
26 65
26 66
26 68
26 69
26 70
26 72
26 73
26 74
26 76
26 77
26 78
26 80
26 82
26 83
26 85
26 86
26 90
26 91
26 92
26 93
26 94
26 95
26 96
27 33
27 35
27 37
27 38
27 39
27 40
27 42
27 46
27 47
27 48
27 49
27 53
27 54
27 57
27 58
27 59
27 60
27 67
27 68
27 70
27 72
27 75
27 76
27 80
27 81
27 83
27 84
27 85
27 88
27 90
27 93
27 94
27 95
27 98
27 99
28 30
28 31
28 32
28 35
28 36
28 39
28 41
28 44
28 45
28 46
28 50
28 52
28 53
28 54
28 56
28 58
28 60
28 63
28 64
28 67
28 70
28 72
28 73
28 74
28 76
28 79
28 80
28 81
28 82
28 83
28 84
28 85
28 87
28 88
28 91
28 92
28 94
28 95
28 97
28 99
28 163
29 31
29 36
29 43
29 47
29 49
29 50
29 57
29 58
29 61
29 62
29 64
29 66
29 67
29 68
29 75
29 76
29 79
29 82
29 84
29 85
29 87
29 90
29 94
29 95
29 98
29 99
30 32
30 33
30 34
30 37
30 38
30 46
30 48
30 50
30 51
30 52
30 55
30 57
30 60
30 62
30 63
30 65
30 66
30 70
30 71
30 72
30 75
30 77
30 83
30 88
30 89
30 91
30 94
30 95
30 96
30 97
31 33
31 35
31 36
31 37
31 38
31 42
31 45
31 46
31 48
31 50
31 52
31 53
31 54
31 55
31 60
31 61
31 62
31 64
31 66
31 67
31 68
31 70
31 72
31 74
31 75
31 76
31 77
31 78
31 79
31 81
31 82
31 84
31 85
31 86
31 88
31 92
31 95
31 96
31 97
31 98
32 33
32 35
32 37
32 45
32 46
32 47
32 48
32 52
32 53
32 56
32 58
32 65
32 66
32 68
32 71
32 72
32 74
32 75
32 77
32 78
32 79
32 81
32 82
32 84
32 88
32 90
32 91
32 92
32 93
32 95
32 97
32 98
32 99
33 36
33 37
33 38
33 42
33 43
33 48
33 49
33 50
33 51
33 56
33 60
33 61
33 66
33 67
33 68
33 69
33 70
33 72
33 73
33 74
33 77
33 78
33 80
33 82
33 85
33 88
33 90
33 93
33 94
33 95
33 96
34 35
34 36
34 39
34 42
34 44
34 48
34 51
34 52
34 53
34 55
34 57
34 58
34 60
34 61
34 62
34 63
34 64
34 65
34 66
34 67
34 69
34 71
34 73
34 74
34 75
34 76
34 78
34 79
34 80
34 81
34 82
34 83
34 85
34 86
34 95
34 96
34 99
35 40
35 44
35 46
35 49
35 50
35 51
35 55
35 57
35 61
35 63
35 67
35 71
35 72
35 80
35 83
35 84
35 85
35 86
35 89
35 90
35 94
35 95
36 37
36 40
36 41
36 43
36 48
36 49
36 50
36 53
36 55
36 56
36 58
36 59
36 61
36 62
36 66
36 67
36 69
36 71
36 72
36 73
36 78
36 80
36 81
36 83
36 84
36 90
36 93
36 94
36 95
36 96
36 98
37 39
37 41
37 42
37 44
37 45
37 47
37 48
37 50
37 51
37 59
37 63
37 64
37 65
37 68
37 70
37 71
37 76
37 77
37 78
37 80
37 82
37 84
37 85
37 87
37 88
37 89
37 91
37 93
37 94
38 40
38 41
38 42
38 44
38 45
38 46
38 47
38 48
38 50
38 52
38 53
38 55
38 56
38 58
38 59
38 60
38 62
38 63
38 66
38 72
38 75
38 76
38 77
38 81
38 84
38 87
38 88
38 94
38 95
38 96
38 98
39 42
39 48
39 49
39 52
39 53
39 54
39 55
39 56
39 58
39 61
39 63
39 64
39 65
39 66
39 67
39 68
39 69
39 70
39 71
39 73
39 74
39 79
39 83
39 84
39 85
39 86
39 87
39 88
39 89
39 90
39 92
39 93
39 95
39 97
39 99
40 41
40 42
40 43
40 45
40 46
40 48
40 49
40 50
40 52
40 53
40 54
40 62
40 63
40 64
40 65
40 66
40 68
40 69
40 76
40 82
40 83
40 84
40 87
40 88
40 89
40 94
41 42
41 43
41 51
41 52
41 53
41 54
41 57
41 58
41 60
41 61
41 62
41 63
41 64
41 68
41 69
41 70
41 71
41 73
41 74
41 75
41 76
41 77
41 78
41 79
41 80
41 84
41 85
41 87
41 90
41 93
41 97
41 98
41 99
42 43
42 44
42 45
42 46
42 47
42 53
42 55
42 56
42 61
42 63
42 64
42 65
42 66
42 68
42 69
42 73
42 75
42 76
42 82
42 83
42 84
42 87
42 88
42 89
42 90
42 91
42 92
42 93
42 97
42 99
43 47
43 48
43 51
43 52
43 53
43 55
43 56
43 57
43 58
43 59
43 60
43 66
43 71
43 72
43 73
43 79
43 83
43 84
43 85
43 87
43 88
43 89
43 90
43 91
43 93
43 94
43 95
43 96
43 97
43 98
44 45
44 46
44 47
44 48
44 49
44 51
44 52
44 53
44 55
44 56
44 57
44 58
44 60
44 62
44 63
44 64
44 65
44 68
44 70
44 72
44 73
44 75
44 76
44 77
44 79
44 81
44 82
44 84
44 86
44 87
44 88
44 94
44 95
44 96
44 97
44 98
44 99
45 48
45 54
45 56
45 58
45 60
45 62
45 63
45 64
45 65
45 67
45 68
45 69
45 70
45 72
45 73
45 78
45 79
45 81
45 82
45 85
45 86
45 88
45 90
45 91
45 93
45 95
45 96
45 97
45 98
46 47
46 48
46 50
46 53
46 54
46 55
46 57
46 59
46 62
46 64
46 65
46 71
46 72
46 73
46 74
46 75
46 76
46 77
46 78
46 79
46 80
46 82
46 85
46 86
46 89
46 90
46 93
46 94
46 96
46 97
46 98
46 99
47 50
47 51
47 53
47 54
47 56
47 58
47 61
47 62
47 70
47 74
47 78
47 80
47 81
47 83
47 84
47 85
47 88
47 90
47 92
47 93
47 94
47 96
47 98
48 51
48 52
48 54
48 57
48 59
48 62
48 65
48 66
48 67
48 68
48 71
48 72
48 77
48 80
48 81
48 82
48 83
48 86
48 87
48 89
48 92
48 94
48 95
48 97
48 98
49 51
49 52
49 55
49 59
49 60
49 62
49 63
49 65
49 68
49 69
49 70
49 71
49 72
49 73
49 74
49 76
49 77
49 81
49 82
49 83
49 86
49 88
49 89
49 91
49 92
49 93
49 94
49 95
50 51
50 52
50 53
50 55
50 58
50 59
50 60
50 61
50 64
50 67
50 68
50 69
50 72
50 75
50 76
50 77
50 78
50 80
50 84
50 86
50 88
50 92
50 93
50 94
50 95
50 98
51 52
51 54
51 56
51 58
51 60
51 62
51 65
51 66
51 67
51 69
51 77
51 78
51 80
51 85
51 88
51 90
51 91
51 92
51 96
51 97
51 98
51 99
52 54
52 55
52 58
52 61
52 65
52 66
52 69
52 72
52 73
52 75
52 77
52 78
52 79
52 80
52 81
52 82
52 83
52 85
52 87
52 88
52 95
52 96
52 97
52 99
53 54
53 56
53 57
53 59
53 60
53 61
53 63
53 64
53 65
53 69
53 70
53 71
53 73
53 74
53 75
53 76
53 77
53 78
53 81
53 84
53 85
53 86
53 87
53 94
53 97
54 55
54 56
54 60
54 62
54 65
54 66
54 67
54 69
54 71
54 72
54 75
54 78
54 81
54 82
54 84
54 86
54 87
54 88
54 89
54 93
54 94
54 95
54 96
54 97
54 99
55 56
55 57
55 62
55 66
55 67
55 68
55 70
55 71
55 72
55 76
55 77
55 79
55 80
55 82
55 83
55 85
55 86
55 87
55 91
55 92
55 93
55 94
55 95
55 98
56 60
56 61
56 62
56 63
56 64
56 65
56 70
56 71
56 72
56 78
56 80
56 82
56 83
56 84
56 86
56 91
56 92
56 93
56 94
56 95
56 96
57 58
57 59
57 62
57 64
57 66
57 67
57 68
57 71
57 74
57 78
57 80
57 81
57 82
57 83
57 84
57 85
57 86
57 89
57 93
57 94
57 95
57 96
57 97
57 98
58 64
58 65
58 68
58 70
58 72
58 74
58 75
58 76
58 78
58 80
58 81
58 84
58 85
58 88
58 93
58 99
59 60
59 61
59 62
59 64
59 66
59 67
59 69
59 70
59 72
59 75
59 79
59 80
59 81
59 85
59 86
59 87
59 90
59 92
59 94
59 95
59 97
60 61
60 62
60 65
60 68
60 70
60 72
60 73
60 75
60 76
60 77
60 78
60 81
60 88
60 90
60 91
60 94
60 95
60 96
60 99
61 62
61 63
61 64
61 67
61 69
61 70
61 71
61 72
61 74
61 79
61 80
61 84
61 85
61 87
61 89
61 90
61 91
61 93
61 94
61 95
61 99
62 63
62 64
62 65
62 66
62 68
62 76
62 80
62 81
62 83
62 84
62 87
62 88
62 89
62 90
62 92
62 94
63 64
63 65
63 67
63 70
63 71
63 74
63 75
63 76
63 78
63 79
63 81
63 85
63 89
63 92
63 95
63 96
63 99
64 66
64 67
64 68
64 70
64 71
64 73
64 74
64 75
64 80
64 81
64 87
64 90
64 93
64 94
64 97
64 98
64 99
65 68
65 72
65 74
65 75
65 76
65 77
65 78
65 81
65 84
65 88
65 89
65 93
65 94
65 95
65 98
66 67
66 68
66 69
66 76
66 77
66 80
66 82
66 85
66 86
66 87
66 89
66 90
66 91
66 92
66 95
66 96
66 97
67 68
67 70
67 72
67 74
67 75
67 77
67 80
67 82
67 83
67 85
67 87
67 88
67 89
67 90
67 91
67 93
67 95
67 97
68 69
68 72
68 73
68 74
68 75
68 76
68 77
68 79
68 81
68 82
68 83
68 87
68 91
68 95
68 96
68 97
68 98
68 99
69 70
69 71
69 72
69 73
69 74
69 75
69 77
69 80
69 82
69 84
69 88
69 92
69 94
69 96
69 97
69 99
70 72
70 74
70 75
70 77
70 78
70 79
70 80
70 82
70 83
70 84
70 87
70 89
70 91
70 98
71 72
71 76
71 77
71 78
71 83
71 85
71 87
71 88
71 89
71 90
71 91
71 92
71 94
71 97
71 98
72 73
72 74
72 76
72 78
72 80
72 82
72 84
72 85
72 90
72 91
72 95
72 96
72 97
72 98
73 78
73 79
73 83
73 84
73 86
73 90
73 92
73 93
73 94
73 95
73 96
74 75
74 77
74 79
74 80
74 84
74 85
74 86
74 88
74 93
74 95
74 96
74 98
75 78
75 79
75 80
75 81
75 84
75 87
75 91
75 96
75 97
75 98
75 99
76 81
76 82
76 83
76 90
76 91
76 92
76 95
76 96
76 98
77 78
77 79
77 80
77 85
77 87
77 91
77 92
77 93
77 94
78 80
78 82
78 83
78 85
78 91
78 93
78 94
78 95
78 98
78 171
79 80
79 81
79 82
79 83
79 88
79 89
79 90
79 92
79 93
79 95
79 96
79 98
79 99
80 81
80 84
80 85
80 90
80 92
80 93
80 94
80 96
80 97
80 98
81 83
81 84
81 85
81 87
81 89
81 90
81 92
81 99
82 83
82 84
82 85
82 87
82 88
82 92
82 94
82 96
82 97
82 98
82 99
83 84
83 87
83 89
83 90
83 92
83 95
83 96
84 86
84 87
84 91
84 92
84 95
84 96
84 98
84 99
85 87
85 89
85 90
85 91
85 93
86 87
86 88
86 89
86 90
86 91
86 92
86 93
86 94
86 95
86 97
86 98
87 90
87 92
87 95
88 92
88 94
88 96
89 90
89 93
89 95
89 99
90 91
90 92
90 93
90 95
90 96
90 99
91 92
91 96
91 97
91 98
91 99
92 93
92 94
92 96
92 98
92 99
93 94
93 97
93 98
93 99
94 96
95 96
95 97
97 98
100 101
100 105
100 108
100 111
100 112
100 113
100 114
100 115
100 117
100 119
100 122
100 123
100 124
100 125
100 126
100 127
100 129
100 134
100 136
100 140
100 142
100 143
100 144
100 146
100 147
100 150
100 152
100 155
100 159
100 160
100 161
100 162
100 163
100 164
100 166
100 167
100 168
100 170
100 172
100 173
100 174
100 179
100 180
100 182
100 183
100 185
100 189
100 190
100 191
100 194
101 102
101 103
101 104
101 105
101 107
101 109
101 110
101 111
101 114
101 121
101 124
101 129
101 130
101 131
101 132
101 135
101 143
101 144
101 145
101 146
101 149
101 151
101 153
101 155
101 156
101 157
101 158
101 161
101 165
101 168
101 170
101 171
101 172
101 174
101 175
101 178
101 180
101 181
101 183
101 186
101 188
101 189
101 192
102 103
102 104
102 107
102 108
102 109
102 111
102 113
102 116
102 118
102 119
102 122
102 124
102 129
102 131
102 132
102 134
102 136
102 138
102 139
102 141
102 142
102 143
102 148
102 149
102 153
102 154
102 156
102 157
102 160
102 161
102 162
102 163
102 164
102 165
102 168
102 169
102 170
102 172
102 178
102 181
102 182
102 183
102 184
102 186
102 187
102 189
102 190
102 191
102 192
102 193
102 194
102 195
102 196
102 197
102 198
102 199
103 105
103 106
103 107
103 108
103 113
103 114
103 115
103 118
103 121
103 123
103 126
103 127
103 128
103 132
103 136
103 141
103 143
103 144
103 147
103 148
103 149
103 150
103 153
103 155
103 156
103 158
103 159
103 161
103 163
103 166
103 174
103 175
103 176
103 177
103 178
103 189
103 192
103 196
103 198
103 199
104 106
104 108
104 110
104 112
104 113
104 114
104 117
104 118
104 119
104 120
104 123
104 125
104 126
104 130
104 132
104 133
104 134
104 138
104 140
104 141
104 144
104 146
104 148
104 152
104 153
104 154
104 155
104 157
104 158
104 161
104 162
104 163
104 166
104 168
104 169
104 171
104 173
104 176
104 178
104 181
104 183
104 184
104 187
104 189
104 190
104 192
104 193
104 194
104 196
104 197
104 199
105 106
105 109
105 110
105 111
105 112
105 114
105 115
105 116
105 119
105 120
105 121
105 122
105 123
105 124
105 127
105 128
105 129
105 132
105 135
105 136
105 140
105 144
105 145
105 146
105 147
105 149
105 150
105 151
105 153
105 154
105 155
105 156
105 157
105 161
105 162
105 165
105 167
105 170
105 171
105 172
105 175
105 177
105 178
105 179
105 180
105 187
105 188
105 196
105 197
105 198
105 199
106 107
106 110
106 112
106 113
106 115
106 116
106 117
106 118
106 119
106 120
106 122
106 123
106 124
106 125
106 126
106 128
106 129
106 135
106 137
106 140
106 143
106 145
106 146
106 149
106 152
106 153
106 156
106 162
106 163
106 164
106 165
106 168
106 169
106 170
106 172
106 175
106 179
106 181
106 182
106 183
106 184
106 186
106 189
106 191
106 192
106 193
106 194
106 196
106 199
107 108
107 109
107 110
107 111
107 114
107 115
107 117
107 118
107 122
107 125
107 126
107 129
107 130
107 131
107 132
107 134
107 135
107 137
107 141
107 145
107 150
107 151
107 153
107 154
107 159
107 161
107 164
107 166
107 167
107 169
107 170
107 174
107 178
107 180
107 181
107 183
107 186
107 187
107 194
107 195
107 197
107 198
108 110
108 111
108 112
108 115
108 122
108 123
108 126
108 130
108 133
108 134
108 136
108 138
108 141
108 142
108 144
108 145
108 146
108 147
108 148
108 149
108 150
108 151
108 154
108 155
108 156
108 157
108 159
108 160
108 161
108 162
108 163
108 170
108 171
108 173
108 176
108 179
108 180
108 181
108 184
108 186
108 187
108 192
108 198
108 199
109 110
109 114
109 117
109 118
109 119
109 121
109 123
109 124
109 126
109 128
109 129
109 130
109 133
109 134
109 143
109 144
109 145
109 146
109 147
109 148
109 150
109 155
109 159
109 162
109 163
109 165
109 166
109 168
109 169
109 173
109 175
109 176
109 180
109 181
109 183
109 184
109 186
109 189
109 191
109 192
109 193
109 195
110 112
110 114
110 115
110 118
110 121
110 122
110 124
110 126
110 128
110 129
110 130
110 131
110 132
110 134
110 135
110 137
110 138
110 139
110 141
110 143
110 146
110 148
110 150
110 151
110 153
110 155
110 160
110 162
110 164
110 165
110 166
110 167
110 168
110 170
110 172
110 173
110 175
110 178
110 183
110 185
110 187
110 192
110 193
110 195
110 197
110 199
111 112
111 116
111 117
111 120
111 122
111 123
111 126
111 129
111 131
111 132
111 134
111 136
111 138
111 139
111 141
111 143
111 148
111 151
111 153
111 155
111 156
111 159
111 160
111 161
111 162
111 164
111 170
111 171
111 172
111 175
111 177
111 178
111 180
111 182
111 183
111 187
111 189
111 190
111 193
111 194
111 198
112 113
112 114
112 116
112 118
112 119
112 120
112 126
112 128
112 132
112 134
112 137
112 138
112 140
112 141
112 144
112 145
112 147
112 149
112 150
112 151
112 152
112 154
112 155
112 157
112 158
112 159
112 161
112 162
112 166
112 167
112 168
112 174
112 177
112 180
112 182
112 183
112 184
112 186
112 187
112 188
112 191
112 192
112 194
112 196
112 197
112 198
113 114
113 116
113 117
113 119
113 122
113 127
113 128
113 129
113 132
113 134
113 141
113 146
113 148
113 149
113 151
113 155
113 156
113 157
113 159
113 160
113 164
113 165
113 166
113 169
113 170
113 171
113 174
113 177
113 180
113 181
113 183
113 185
113 188
113 189
113 192
113 193
113 196
113 197
114 115
114 116
114 117
114 119
114 123
114 126
114 127
114 128
114 131
114 132
114 133
114 134
114 135
114 137
114 138
114 139
114 140
114 141
114 143
114 144
114 149
114 152
114 154
114 157
114 158
114 160
114 161
114 163
114 167
114 170
114 174
114 175
114 176
114 178
114 180
114 181
114 182
114 185
114 188
114 189
114 190
114 194
114 195
114 196
114 199
115 120
115 121
115 124
115 125
115 126
115 127
115 129
115 132
115 133
115 136
115 138
115 139
115 140
115 142
115 144
115 149
115 151
115 153
115 154
115 158
115 159
115 160
115 163
115 164
115 165
115 166
115 167
115 168
115 170
115 171
115 172
115 174
115 175
115 176
115 177
115 179
115 180
115 183
115 185
115 187
115 193
115 198
116 119
116 123
116 124
116 125
116 126
116 127
116 131
116 133
116 136
116 140
116 141
116 142
116 143
116 147
116 148
116 149
116 150
116 155
116 159
116 160
116 162
116 163
116 165
116 166
116 167
116 168
116 173
116 183
116 185
116 186
116 192
116 193
116 194
116 196
116 197
117 118
117 119
117 123
117 128
117 129
117 131
117 132
117 133
117 134
117 135
117 136
117 138
117 139
117 141
117 145
117 150
117 155
117 156
117 159
117 160
117 162
117 163
117 164
117 165
117 166
117 169
117 173
117 174
117 175
117 179
117 181
117 182
117 185
117 186
117 188
117 190
117 191
117 192
117 193
117 194
117 196
117 199
118 119
118 121
118 124
118 126
118 127
118 128
118 129
118 130
118 131
118 132
118 133
118 134
118 135
118 136
118 137
118 138
118 142
118 143
118 144
118 146
118 147
118 149
118 151
118 154
118 155
118 156
118 157
118 158
118 161
118 164
118 165
118 166
118 167
118 168
118 169
118 173
118 174
118 175
118 178
118 181
118 182
118 183
118 186
118 187
118 188
118 189
118 191
118 192
118 194
118 198
119 129
119 130
119 132
119 135
119 136
119 139
119 141
119 142
119 143
119 144
119 145
119 146
119 147
119 148
119 151
119 152
119 155
119 156
119 158
119 159
119 162
119 166
119 167
119 168
119 170
119 171
119 173
119 174
119 175
119 177
119 178
119 184
119 185
119 186
119 187
119 188
119 190
119 191
119 193
119 194
119 195
119 197
119 198
120 123
120 125
120 126
120 127
120 129
120 132
120 133
120 134
120 135
120 138
120 139
120 140
120 141
120 142
120 143
120 148
120 149
120 151
120 153
120 154
120 159
120 161
120 162
120 163
120 166
120 169
120 172
120 173
120 180
120 184
120 185
120 186
120 188
120 190
120 192
120 194
120 197
120 198
120 199
121 125
121 129
121 132
121 134
121 136
121 137
121 138
121 140
121 142
121 143
121 145
121 146
121 147
121 150
121 152
121 153
121 154
121 155
121 156
121 157
121 158
121 159
121 161
121 162
121 163
121 165
121 166
121 167
121 168
121 169
121 170
121 171
121 173
121 174
121 177
121 179
121 180
121 181
121 182
121 185
121 186
121 188
121 191
121 193
121 194
121 195
121 198
122 123
122 126
122 129
122 130
122 133
122 137
122 139
122 141
122 145
122 148
122 149
122 150
122 156
122 159
122 161
122 162
122 163
122 164
122 169
122 171
122 173
122 174
122 175
122 176
122 178
122 179
122 180
122 182
122 183
122 185
122 190
122 191
122 192
122 194
123 124
123 125
123 127
123 129
123 132
123 133
123 135
123 137
123 139
123 142
123 143
123 145
123 146
123 147
123 148
123 149
123 150
123 151
123 152
123 153
123 155
123 159
123 160
123 161
123 166
123 167
123 171
123 172
123 173
123 176
123 178
123 179
123 182
123 183
123 187
123 189
123 197
123 198
124 126
124 127
124 129
124 131
124 132
124 133
124 136
124 138
124 140
124 141
124 142
124 144
124 146
124 148
124 149
124 150
124 151
124 152
124 155
124 156
124 159
124 162
124 163
124 165
124 167
124 169
124 170
124 173
124 175
124 177
124 179
124 183
124 185
124 187
124 188
124 189
124 199
125 127
125 128
125 130
125 131
125 132
125 134
125 135
125 136
125 138
125 139
125 140
125 141
125 143
125 145
125 150
125 151
125 152
125 157
125 158
125 159
125 162
125 163
125 164
125 165
125 167
125 170
125 177
125 178
125 179
125 181
125 182
125 183
125 184
125 186
125 187
125 188
125 189
125 190
125 192
125 193
125 195
125 196
125 198
125 199
126 132
126 135
126 136
126 137
126 140
126 145
126 146
126 152
126 155
126 157
126 161
126 165
126 166
126 168
126 172
126 174
126 175
126 176
126 177
126 179
126 180
126 181
126 182
126 183
126 184
126 186
126 188
126 190
126 191
126 192
126 193
126 194
126 196
126 197
127 128
127 129
127 133
127 135
127 136
127 137
127 140
127 142
127 143
127 148
127 150
127 152
127 153
127 154
127 155
127 158
127 160
127 162
127 164
127 165
127 167
127 168
127 169
127 170
127 171
127 172
127 173
127 174
127 175
127 177
127 180
127 181
127 183
127 187
127 188
127 189
127 190
127 193
127 194
127 196
127 197
127 198
128 129
128 130
128 135
128 136
128 144
128 145
128 146
128 147
128 149
128 153
128 154
128 159
128 160
128 161
128 162
128 163
128 164
128 166
128 167
128 169
128 171
128 172
128 173
128 174
128 175
128 176
128 177
128 178
128 179
128 180
128 184
128 186
128 188
128 191
128 193
128 196
128 198
128 199
129 130
129 133
129 134
129 135
129 138
129 139
129 140
129 141
129 143
129 147
129 148
129 149
129 150
129 153
129 154
129 155
129 156
129 157
129 158
129 159
129 160
129 163
129 166
129 167
129 168
129 172
129 173
129 176
129 177
129 178
129 180
129 181
129 183
129 185
129 187
129 192
129 196
130 131
130 138
130 143
130 144
130 145
130 148
130 152
130 153
130 155
130 159
130 160
130 161
130 162
130 163
130 165
130 166
130 171
130 176
130 177
130 178
130 180
130 183
130 184
130 186
130 189
130 191
130 192
130 194
130 197
131 135
131 136
131 137
131 138
131 139
131 140
131 141
131 143
131 144
131 145
131 148
131 150
131 151
131 152
131 154
131 155
131 156
131 157
131 158
131 162
131 163
131 164
131 166
131 168
131 169
131 170
131 172
131 173
131 176
131 177
131 179
131 181
131 182
131 184
131 185
131 192
131 193
131 194
131 195
131 199
132 136
132 139
132 141
132 143
132 145
132 148
132 151
132 155
132 156
132 157
132 158
132 159
132 160
132 162
132 166
132 169
132 170
132 172
132 173
132 174
132 176
132 177
132 179
132 180
132 181
132 182
132 185
132 186
132 188
132 189
132 190
132 192
132 193
132 198
133 142
133 146
133 147
133 150
133 151
133 152
133 153
133 154
133 157
133 160
133 161
133 162
133 163
133 171
133 172
133 174
133 175
133 176
133 182
133 183
133 186
133 188
133 190
133 191
133 193
133 194
133 199
134 135
134 136
134 138
134 141
134 142
134 143
134 144
134 145
134 146
134 147
134 150
134 152
134 153
134 155
134 156
134 157
134 158
134 159
134 160
134 165
134 169
134 172
134 174
134 177
134 178
134 181
134 184
134 185
134 186
134 188
134 191
134 193
134 195
134 197
134 199
135 137
135 140
135 142
135 144
135 145
135 147
135 149
135 150
135 151
135 153
135 154
135 155
135 156
135 157
135 158
135 160
135 162
135 164
135 166
135 167
135 168
135 172
135 173
135 175
135 176
135 181
135 182
135 183
135 185
135 186
135 188
135 189
135 191
135 193
135 194
135 195
135 196
135 198
135 199
136 137
136 138
136 140
136 141
136 143
136 144
136 145
136 146
136 148
136 151
136 153
136 154
136 155
136 157
136 161
136 163
136 164
136 167
136 169
136 171
136 172
136 173
136 174
136 178
136 179
136 181
136 184
136 186
136 188
136 189
136 190
136 192
136 193
137 138
137 140
137 143
137 145
137 150
137 151
137 153
137 157
137 158
137 164
137 166
137 169
137 171
137 173
137 174
137 175
137 176
137 177
137 180
137 181
137 182
137 184
137 186
137 187
137 188
137 190
137 193
137 199
138 139
138 140
138 141
138 143
138 145
138 146
138 150
138 151
138 152
138 154
138 155
138 156
138 157
138 158
138 159
138 160
138 161
138 164
138 165
138 167
138 169
138 174
138 175
138 178
138 181
138 184
138 185
138 186
138 189
138 191
138 193
139 141
139 143
139 144
139 145
139 149
139 150
139 156
139 157
139 160
139 162
139 163
139 168
139 169
139 172
139 178
139 179
139 181
139 182
139 184
139 185
139 187
139 188
139 191
139 192
139 193
139 195
139 196
139 198
139 199
140 141
140 142
140 144
140 145
140 147
140 148
140 151
140 154
140 155
140 161
140 165
140 168
140 169
140 171
140 172
140 173
140 175
140 176
140 177
140 179
140 183
140 186
140 189
140 190
140 194
140 196
140 197
141 143
141 144
141 149
141 152
141 156
141 157
141 159
141 160
141 161
141 165
141 166
141 168
141 169
141 172
141 175
141 178
141 179
141 180
141 183
141 184
141 185
141 191
141 192
141 193
141 194
141 197
141 198
142 144
142 145
142 146
142 147
142 148
142 149
142 150
142 154
142 157
142 159
142 160
142 161
142 163
142 165
142 166
142 167
142 168
142 169
142 172
142 173
142 174
142 175
142 178
142 182
142 183
142 184
142 185
142 186
142 188
142 189
142 190
142 191
142 192
142 196
142 197
142 199
143 145
143 148
143 152
143 153
143 158
143 159
143 160
143 161
143 162
143 163
143 164
143 165
143 166
143 168
143 169
143 170
143 175
143 176
143 178
143 179
143 180
143 181
143 182
143 183
143 187
143 188
143 189
143 195
143 198
143 199
144 146
144 147
144 152
144 157
144 159
144 161
144 164
144 165
144 168
144 169
144 171
144 172
144 174
144 178
144 183
144 186
144 191
144 193
144 195
144 196
144 198
144 199
145 146
145 148
145 149
145 154
145 155
145 157
145 158
145 159
145 161
145 162
145 163
145 165
145 168
145 169
145 173
145 175
145 180
145 186
145 187
145 189
145 190
145 191
145 192
145 193
145 195
145 196
146 149
146 155
146 156
146 157
146 161
146 162
146 165
146 167
146 168
146 169
146 172
146 173
146 175
146 179
146 184
146 185
146 186
146 187
146 188
146 192
146 195
146 196
147 149
147 150
147 152
147 155
147 156
147 158
147 160
147 161
147 162
147 167
147 169
147 170
147 171
147 172
147 173
147 174
147 177
147 182
147 183
147 184
147 192
147 194
147 195
147 196
147 199
148 151
148 153
148 154
148 155
148 157
148 158
148 159
148 160
148 162
148 166
148 168
148 169
148 171
148 172
148 173
148 176
148 181
148 182
148 184
148 185
148 187
148 188
148 189
148 196
148 197
148 198
149 151
149 154
149 156
149 161
149 165
149 167
149 170
149 172
149 174
149 176
149 178
149 181
149 185
149 186
149 188
149 191
149 194
149 195
149 198
150 151
150 153
150 157
150 159
150 162
150 166
150 167
150 172
150 174
150 176
150 178
150 182
150 183
150 184
150 188
150 192
150 198
151 152
151 154
151 155
151 157
151 158
151 159
151 160
151 162
151 165
151 166
151 167
151 169
151 170
151 171
151 176
151 178
151 180
151 182
151 183
151 185
151 186
151 187
151 189
151 190
151 191
151 195
151 196
151 197
151 198
151 199
152 153
152 157
152 162
152 164
152 168
152 170
152 171
152 172
152 174
152 175
152 176
152 179
152 180
152 181
152 184
152 185
152 186
152 188
152 191
152 192
152 193
152 195
152 197
153 154
153 155
153 157
153 159
153 161
153 162
153 164
153 165
153 166
153 167
153 170
153 171
153 172
153 174
153 175
153 176
153 178
153 180
153 181
153 183
153 184
153 185
153 187
153 189
153 190
153 192
153 193
153 194
153 196
154 164
154 165
154 168
154 169
154 172
154 173
154 174
154 177
154 178
154 182
154 183
154 184
154 185
154 186
154 188
154 189
154 190
154 191
154 193
154 195
154 198
154 199
155 156
155 158
155 159
155 162
155 164
155 167
155 169
155 172
155 173
155 177
155 178
155 179
155 180
155 184
155 187
155 190
155 192
155 196
155 197
156 157
156 159
156 161
156 162
156 163
156 166
156 167
156 168
156 170
156 171
156 175
156 176
156 179
156 182
156 183
156 185
156 187
156 189
156 191
156 198
157 158
157 161
157 162
157 164
157 165
157 167
157 169
157 171
157 172
157 173
157 174
157 175
157 176
157 179
157 184
157 185
157 189
157 191
157 196
157 199
158 159
158 164
158 165
158 166
158 167
158 168
158 170
158 171
158 173
158 174
158 175
158 177
158 178
158 180
158 181
158 183
158 184
158 187
158 188
158 189
158 193
158 194
158 195
158 196
158 197
158 198
158 199
159 163
159 165
159 167
159 169
159 170
159 172
159 175
159 177
159 178
159 182
159 186
159 188
159 189
159 193
159 196
159 199
160 163
160 166
160 167
160 171
160 173
160 176
160 177
160 178
160 183
160 184
160 191
160 193
160 195
160 197
160 198
161 165
161 167
161 168
161 173
161 186
161 187
161 188
161 189
161 190
161 192
161 193
161 194
161 196
161 199
162 163
162 164
162 167
162 170
162 175
162 179
162 181
162 182
162 185
162 186
162 189
162 191
162 192
162 193
162 199
163 164
163 165
163 169
163 172
163 173
163 175
163 176
163 177
163 178
163 180
163 182
163 183
163 184
163 189
163 190
163 192
163 194
163 198
163 199
164 167
164 172
164 174
164 176
164 177
164 178
164 180
164 181
164 183
164 184
164 187
164 190
164 191
164 192
164 193
164 194
164 195
164 196
164 197
165 167
165 170
165 171
165 174
165 176
165 178
165 180
165 181
165 182
165 183
165 184
165 186
165 189
165 190
165 191
165 193
165 195
165 196
165 198
165 199
166 168
166 172
166 173
166 174
166 175
166 176
166 177
166 179
166 180
166 183
166 185
166 186
166 187
166 189
166 192
166 195
166 197
166 199
167 168
167 169
167 177
167 178
167 179
167 184
167 185
167 190
167 195
167 197
167 199
168 170
168 172
168 173
168 175
168 178
168 187
168 188
168 190
168 191
168 194
168 197
169 171
169 174
169 176
169 178
169 182
169 183
169 184
169 189
169 190
169 191
169 192
169 193
169 194
169 195
169 197
169 199
170 171
170 172
170 175
170 176
170 177
170 178
170 181
170 184
170 185
170 186
170 190
170 191
170 193
170 194
170 195
170 197
171 175
171 177
171 178
171 179
171 180
171 182
171 184
171 185
171 186
171 188
171 189
171 190
171 191
171 194
171 197
172 174
172 175
172 179
172 180
172 181
172 185
172 186
172 190
172 191
172 192
172 193
172 194
172 195
172 196
172 197
172 198
172 199
173 174
173 180
173 183
173 186
173 187
173 189
173 190
173 192
173 193
173 195
173 196
173 197
173 199
174 177
174 178
174 180
174 181
174 182
174 183
174 185
174 186
174 187
174 190
174 194
174 195
174 197
174 198
174 199
175 176
175 179
175 180
175 181
175 182
175 183
175 184
175 185
175 186
175 188
175 189
175 191
175 192
175 193
175 194
175 195
175 198
175 199
176 179
176 181
176 185
176 187
176 190
176 193
176 196
176 199
177 179
177 181
177 184
177 185
177 188
177 189
177 192
177 193
177 196
177 198
178 180
178 181
178 186
178 187
178 189
178 196
178 198
179 180
179 181
179 183
179 185
179 186
179 188
179 189
179 190
179 191
179 192
179 196
179 197
180 183
180 186
180 191
180 192
180 194
180 198
180 199
181 182
181 183
181 184
181 187
181 191
181 192
181 194
181 198
182 186
182 187
182 189
182 194
183 188
183 191
183 192
183 193
183 195
183 197
183 199
184 189
184 192
184 193
184 194
184 199
185 194
185 195
185 197
186 187
186 188
186 191
186 192
186 195
186 196
186 198
186 199
187 189
187 191
187 192
187 193
187 196
187 197
187 199
188 189
188 191
188 192
188 193
188 194
188 196
188 197
188 199
189 192
189 193
189 195
189 196
189 198
189 199
190 191
190 195
190 196
190 197
190 198
190 199
191 192
191 197
191 198
191 199
192 195
192 197
192 199
193 194
193 195
193 196
193 197
193 198
193 199
194 198
194 199
195 197
196 197
196 198
197 198
197 199
