0 1
0 2
0 3
0 4
0 5
0 7
0 8
0 10
0 16
0 17
0 18
0 24
1 2
1 3
1 4
1 6
1 8
1 10
1 11
1 12
1 13
1 15
1 19
1 20
1 22
1 24
2 3
2 5
2 6
2 7
2 8
2 9
2 10
2 11
2 13
2 16
2 17
2 18
2 19
2 20
2 21
3 4
3 5
3 6
3 12
3 13
3 14
3 16
4 5
4 6
4 7
4 11
4 12
4 13
4 15
4 16
4 17
4 19
4 23
5 6
5 7
5 9
5 12
5 14
5 18
5 19
5 20
5 23
6 8
6 14
6 16
6 17
6 18
6 19
6 20
6 21
6 22
7 13
7 14
7 15
7 16
7 18
7 19
7 20
7 21
7 22
8 13
8 15
8 17
8 19
8 21
9 10
9 11
9 12
9 13
9 14
9 15
9 17
9 18
9 20
9 21
10 13
10 14
10 15
10 16
10 17
10 18
10 20
10 21
10 22
10 23
11 14
11 16
11 18
11 19
11 20
11 21
11 22
11 24
12 13
12 15
12 17
12 18
12 19
13 16
13 17
13 19
13 20
13 21
13 23
13 24
14 15
14 16
14 17
14 18
14 20
14 23
14 36
14 33
15 21
15 22
15 23
16 17
16 20
16 22
16 23
16 24
17 19
17 21
17 22
17 24
18 19
18 22
18 23
18 46
19 20
19 23
20 21
20 22
20 23
21 22
25 29
25 32
25 33
25 34
25 36
25 37
25 38
25 40
25 41
25 44
25 46
25 47
26 28
26 29
26 30
26 31
26 33
26 37
26 43
26 45
26 46
26 48
27 29
27 31
27 41
27 44
27 45
27 47
28 30
28 32
28 33
28 35
28 37
28 38
28 40
28 42
28 45
28 46
29 30
29 36
29 39
29 41
29 42
29 43
29 44
29 45
29 47
29 48
30 31
30 32
30 33
30 34
30 37
30 38
30 42
30 43
30 44
30 45
30 46
31 36
31 37
31 39
31 47
31 49
32 33
32 36
32 37
32 38
32 39
32 44
32 46
33 36
33 38
33 39
33 41
33 43
33 45
33 46
33 48
33 49
34 39
34 40
34 41
34 42
34 43
34 45
34 46
34 48
35 38
35 39
35 41
35 44
35 45
35 46
35 49
36 37
36 44
36 46
36 48
37 40
37 44
37 45
37 47
37 49
38 39
38 40
38 41
38 42
38 43
38 44
38 45
38 48
38 49
39 40
39 42
39 43
39 44
40 41
40 42
40 43
40 44
40 45
40 46
40 48
40 49
41 43
41 44
41 48
41 49
42 44
42 45
42 46
42 49
43 45
43 47
43 48
44 46
44 48
45 46
46 48
47 48
