0 1
0 7
0 8
0 10
0 11
0 12
0 15
0 18
0 19
1 2
1 3
1 6
1 7
1 8
1 11
1 12
1 14
1 15
1 17
1 19
2 3
2 5
2 7
2 11
2 13
2 16
3 5
3 7
3 8
3 9
3 11
3 12
3 14
3 15
3 16
3 17
3 19
4 5
4 6
4 7
4 8
4 9
4 12
4 14
4 15
4 16
4 17
4 19
5 8
5 12
5 15
5 16
5 18
6 8
6 9
6 11
6 13
6 15
6 16
6 17
6 18
6 27
7 11
7 14
7 15
7 17
8 9
8 10
8 12
8 15
8 16
8 17
8 19
9 12
9 15
9 17
9 18
9 19
10 16
10 19
10 37
10 20
11 14
11 17
12 13
12 14
12 16
13 19
14 16
14 17
14 18
14 19
15 19
16 18
18 19
20 21
20 23
20 25
20 26
20 27
20 28
20 29
20 30
20 35
20 36
21 23
21 24
21 25
21 26
21 28
21 29
21 31
21 32
21 33
21 36
22 23
22 24
22 25
22 26
22 29
22 30
22 31
22 34
22 38
23 24
23 26
23 27
23 28
23 31
23 35
23 36
23 37
23 38
24 25
24 27
24 30
24 34
24 38
25 27
25 28
25 29
25 30
25 31
25 32
25 33
25 34
25 35
25 37
25 38
25 39
26 27
26 30
26 32
26 35
26 36
26 39
27 29
27 31
27 35
27 38
28 29
28 30
28 33
28 34
28 35
29 30
29 31
29 32
29 33
29 37
29 38
30 33
30 38
31 32
31 34
31 37
31 39
32 36
32 37
32 38
33 35
33 39
34 37
34 39
35 36
35 39
36 38
36 39
37 39
38 39
