0 1
0 2
0 3
0 4
0 7
0 8
0 9
0 10
0 12
0 13
0 14
0 15
0 18
0 19
0 20
0 21
0 22
0 23
0 26
0 28
0 31
0 33
0 34
0 35
0 36
1 3
1 4
1 6
1 11
1 12
1 14
1 19
1 22
1 24
1 25
1 27
1 29
1 30
1 31
1 32
1 34
2 3
2 5
2 6
2 12
2 14
2 15
2 16
2 18
2 20
2 21
2 23
2 25
2 32
2 33
2 34
3 4
3 7
3 8
3 9
3 14
3 15
3 17
3 19
3 23
3 24
3 25
3 26
3 28
3 29
3 33
3 34
3 35
3 36
4 5
4 6
4 7
4 8
4 9
4 10
4 13
4 16
4 17
4 20
4 21
4 22
4 24
4 25
4 28
4 29
4 30
4 31
4 36
5 7
5 14
5 15
5 20
5 24
5 25
5 26
5 29
5 30
5 33
5 34
5 71
6 9
6 10
6 11
6 12
6 14
6 18
6 19
6 21
6 22
6 24
6 25
6 26
6 27
6 28
6 29
6 32
6 33
6 36
7 8
7 9
7 11
7 12
7 14
7 15
7 17
7 19
7 20
7 21
7 24
7 25
7 27
7 29
7 30
7 31
7 32
7 33
7 36
8 10
8 12
8 14
8 15
8 16
8 17
8 21
8 22
8 23
8 24
8 26
8 27
8 31
8 32
8 33
9 10
9 14
9 15
9 16
9 17
9 18
9 19
9 21
9 22
9 24
9 25
9 30
9 31
9 32
9 34
9 35
9 36
10 14
10 16
10 24
10 28
10 30
10 31
10 35
10 36
11 12
11 15
11 16
11 22
11 24
11 25
11 26
11 27
11 28
11 30
11 31
11 32
11 33
11 35
11 36
12 13
12 17
12 18
12 19
12 21
12 22
12 25
12 28
12 29
12 30
12 32
12 36
13 16
13 17
13 18
13 20
13 21
13 22
13 31
13 33
14 16
14 20
14 24
14 25
14 26
14 28
14 29
14 31
14 33
14 34
14 36
15 16
15 18
15 19
15 20
15 24
15 26
15 29
15 30
16 17
16 19
16 20
16 21
16 23
16 25
16 26
16 30
16 32
16 33
16 36
17 21
17 25
17 28
17 30
17 31
17 32
17 34
18 25
18 27
18 29
18 33
18 34
18 35
18 36
19 21
19 25
19 27
19 28
19 29
19 31
19 33
19 35
20 21
20 24
20 25
20 28
20 29
20 30
20 32
20 33
20 34
20 35
21 22
21 25
21 27
21 28
21 29
21 30
21 32
21 33
21 34
21 36
22 25
22 26
22 27
22 28
22 29
22 32
22 34
22 35
23 24
23 26
23 28
23 30
23 31
23 33
24 25
24 26
24 27
24 28
24 29
24 33
24 36
25 26
25 27
25 28
25 29
25 31
26 31
26 32
26 34
26 36
27 30
27 32
27 34
27 50
28 30
29 30
29 34
29 36
30 31
30 33
31 32
31 33
31 34
31 35
31 36
32 36
32 48
33 36
34 36
37 39
37 40
37 41
37 42
37 43
37 44
37 47
37 48
37 50
37 51
37 52
37 54
37 55
37 57
37 58
37 59
37 60
37 62
37 65
37 66
37 68
37 69
37 70
37 74
38 40
38 43
38 44
38 45
38 47
38 48
38 49
38 50
38 53
38 54
38 57
38 58
38 60
38 61
38 62
38 63
38 64
38 66
38 67
38 69
38 72
38 73
39 41
39 43
39 47
39 48
39 49
39 50
39 51
39 53
39 58
39 61
39 65
39 66
39 69
39 70
39 71
39 72
40 41
40 42
40 43
40 44
40 45
40 50
40 51
40 53
40 54
40 55
40 57
40 62
40 63
40 65
40 67
40 73
41 42
41 45
41 46
41 47
41 49
41 50
41 55
41 56
41 62
41 63
41 65
41 68
41 70
41 71
41 73
42 43
42 46
42 51
42 53
42 56
42 57
42 59
42 60
42 61
42 62
42 65
42 67
42 68
42 70
42 71
42 72
42 73
42 74
43 44
43 45
43 46
43 47
43 49
43 52
43 53
43 56
43 57
43 58
43 59
43 60
43 63
43 64
43 65
43 66
43 69
43 72
43 73
44 46
44 47
44 48
44 49
44 54
44 56
44 57
44 59
44 61
44 62
44 64
44 67
44 69
44 72
45 46
45 48
45 50
45 51
45 52
45 59
45 62
45 63
45 66
45 67
45 68
45 72
45 73
46 50
46 51
46 52
46 57
46 58
46 60
46 61
46 62
46 64
46 67
46 68
47 48
47 50
47 51
47 54
47 55
47 58
47 64
47 65
47 66
47 67
47 68
47 69
47 72
48 49
48 50
48 55
48 56
48 60
48 62
48 63
48 65
48 66
48 70
48 72
49 51
49 52
49 53
49 57
49 62
49 64
49 65
49 66
49 67
49 69
49 70
49 72
49 74
50 51
50 53
50 54
50 56
50 58
50 59
50 61
50 64
50 65
50 67
50 68
50 69
50 70
50 74
51 54
51 57
51 58
51 65
51 66
51 68
51 70
51 74
52 53
52 54
52 56
52 59
52 61
52 62
52 63
52 73
52 74
53 57
53 60
53 62
53 64
53 65
53 68
53 69
53 74
54 55
54 56
54 60
54 65
54 69
54 73
54 74
55 58
55 61
55 63
55 65
55 68
55 69
55 71
55 72
55 73
56 58
56 62
56 63
56 66
56 67
56 68
56 72
57 63
57 64
57 65
57 66
57 67
57 69
57 70
57 71
57 72
57 73
57 74
58 59
58 62
58 63
58 65
58 66
58 68
58 69
58 70
58 74
59 62
59 63
59 64
59 65
59 66
59 68
59 70
59 71
59 72
60 64
60 68
60 69
60 71
60 73
61 64
61 65
61 66
61 67
61 68
61 70
61 71
61 73
62 64
62 65
62 66
62 67
62 68
62 69
62 70
62 72
62 74
63 64
63 67
63 68
63 69
63 70
63 72
63 74
64 65
64 68
64 69
64 72
64 73
64 74
65 68
65 71
65 72
65 73
66 68
66 72
66 73
67 68
67 70
67 72
67 73
68 71
68 72
68 73
69 70
69 71
69 72
69 74
70 72
70 73
70 74
71 74
72 73
72 74
