0 1
0 2
0 3
0 7
0 10
0 13
0 15
0 17
0 21
0 22
0 23
0 25
0 27
0 30
0 31
0 32
0 43
0 45
0 46
0 47
0 50
0 51
0 53
0 54
0 55
0 57
0 59
0 60
0 63
0 64
0 65
0 66
0 68
0 69
0 74
1 3
1 5
1 8
1 9
1 13
1 15
1 19
1 22
1 23
1 24
1 27
1 28
1 29
1 30
1 31
1 32
1 36
1 39
1 40
1 41
1 42
1 44
1 45
1 46
1 49
1 50
1 54
1 60
1 62
1 63
1 64
1 65
1 68
1 71
1 72
1 73
2 3
2 9
2 10
2 12
2 15
2 17
2 18
2 19
2 20
2 21
2 22
2 23
2 25
2 29
2 30
2 31
2 32
2 33
2 34
2 39
2 40
2 47
2 48
2 51
2 54
2 55
2 57
2 58
2 60
2 62
2 63
2 64
2 66
2 67
2 70
2 74
3 4
3 5
3 10
3 11
3 18
3 20
3 21
3 24
3 25
3 26
3 28
3 29
3 30
3 31
3 32
3 33
3 34
3 35
3 37
3 39
3 42
3 43
3 47
3 49
3 50
3 52
3 53
3 56
3 57
3 59
3 60
3 61
3 62
3 66
3 67
3 69
3 71
3 73
4 5
4 8
4 9
4 12
4 13
4 14
4 15
4 18
4 19
4 22
4 24
4 29
4 31
4 32
4 34
4 35
4 36
4 37
4 38
4 39
4 40
4 41
4 42
4 43
4 46
4 47
4 48
4 50
4 51
4 53
4 54
4 58
4 63
4 64
4 65
4 66
4 67
4 68
4 69
4 70
4 71
4 72
4 73
4 74
5 6
5 8
5 9
5 13
5 14
5 20
5 21
5 30
5 31
5 33
5 35
5 37
5 38
5 39
5 40
5 42
5 43
5 46
5 47
5 48
5 49
5 50
5 52
5 53
5 55
5 56
5 57
5 65
5 66
5 67
5 69
5 70
5 72
5 73
5 74
6 8
6 9
6 14
6 15
6 16
6 18
6 20
6 21
6 23
6 24
6 28
6 29
6 31
6 32
6 33
6 37
6 38
6 39
6 40
6 43
6 44
6 48
6 55
6 58
6 60
6 62
6 63
6 67
6 70
6 71
7 8
7 9
7 10
7 11
7 12
7 14
7 15
7 17
7 18
7 19
7 21
7 22
7 23
7 25
7 26
7 28
7 29
7 30
7 34
7 36
7 37
7 40
7 41
7 44
7 45
7 48
7 49
7 50
7 53
7 55
7 58
7 59
7 60
7 61
7 62
7 63
7 64
7 65
7 68
7 69
7 71
7 72
7 73
8 9
8 11
8 13
8 16
8 17
8 18
8 19
8 20
8 21
8 23
8 27
8 28
8 29
8 30
8 31
8 33
8 34
8 35
8 37
8 39
8 40
8 42
8 50
8 51
8 53
8 55
8 56
8 62
8 65
8 67
8 72
8 73
9 11
9 12
9 13
9 14
9 15
9 16
9 18
9 19
9 21
9 24
9 25
9 29
9 30
9 31
9 33
9 34
9 35
9 36
9 39
9 42
9 43
9 44
9 45
9 47
9 51
9 52
9 53
9 54
9 55
9 56
9 58
9 63
9 64
9 66
9 70
9 71
9 72
9 74
10 13
10 15
10 16
10 19
10 20
10 23
10 25
10 28
10 31
10 35
10 36
10 37
10 38
10 39
10 40
10 42
10 44
10 46
10 48
10 52
10 53
10 55
10 58
10 61
10 63
10 64
10 65
10 66
10 67
10 68
10 70
10 71
10 72
11 13
11 16
11 20
11 22
11 26
11 27
11 28
11 30
11 32
11 33
11 35
11 36
11 38
11 39
11 42
11 46
11 52
11 53
11 54
11 58
11 61
11 62
11 64
11 66
11 69
11 70
11 72
11 101
12 13
12 14
12 24
12 25
12 28
12 32
12 33
12 36
12 37
12 39
12 40
12 42
12 47
12 49
12 53
12 54
12 56
12 59
12 62
12 63
12 69
13 15
13 18
13 20
13 21
13 23
13 26
13 27
13 29
13 30
13 33
13 36
13 43
13 44
13 46
13 47
13 48
13 55
13 56
13 58
13 59
13 60
13 66
13 68
13 71
13 72
13 73
14 17
14 19
14 23
14 24
14 25
14 30
14 31
14 34
14 37
14 38
14 41
14 42
14 44
14 45
14 48
14 49
14 52
14 54
14 56
14 57
14 58
14 60
14 61
14 62
14 64
14 68
14 69
14 70
15 20
15 22
15 24
15 25
15 27
15 29
15 33
15 35
15 38
15 39
15 40
15 42
15 44
15 45
15 47
15 51
15 52
15 53
15 57
15 58
15 63
15 64
15 67
15 70
15 71
15 73
15 74
16 19
16 24
16 28
16 30
16 31
16 34
16 37
16 39
16 40
16 42
16 45
16 47
16 49
16 53
16 55
16 57
16 59
16 60
16 64
16 66
16 69
16 70
16 71
16 72
17 20
17 21
17 22
17 23
17 25
17 28
17 31
17 32
17 34
17 38
17 43
17 44
17 45
17 46
17 47
17 48
17 49
17 50
17 51
17 55
17 56
17 60
17 63
17 64
17 66
17 67
17 68
17 70
17 72
18 19
18 21
18 22
18 23
18 26
18 27
18 28
18 29
18 30
18 31
18 33
18 34
18 38
18 42
18 44
18 45
18 48
18 49
18 50
18 54
18 58
18 59
18 60
18 62
18 64
18 72
18 73
19 20
19 25
19 26
19 27
19 30
19 31
19 34
19 35
19 39
19 49
19 50
19 51
19 52
19 53
19 54
19 55
19 61
19 62
19 66
19 67
19 69
19 70
19 71
19 72
19 74
20 24
20 25
20 30
20 31
20 32
20 33
20 34
20 36
20 37
20 43
20 47
20 48
20 50
20 55
20 56
20 57
20 59
20 63
20 64
20 65
20 68
20 69
20 70
20 72
20 73
21 23
21 24
21 29
21 30
21 31
21 35
21 36
21 37
21 40
21 42
21 44
21 45
21 48
21 49
21 50
21 51
21 54
21 57
21 58
21 63
21 66
21 67
21 68
21 69
21 71
21 73
22 25
22 27
22 28
22 29
22 30
22 36
22 37
22 41
22 45
22 50
22 53
22 56
22 58
22 59
22 60
22 64
22 65
22 66
22 67
22 69
22 71
22 72
23 24
23 25
23 27
23 29
23 31
23 36
23 38
23 40
23 41
23 42
23 45
23 48
23 55
23 56
23 58
23 60
23 63
23 64
23 65
23 66
23 67
23 68
23 69
23 73
23 74
24 26
24 27
24 28
24 29
24 33
24 35
24 37
24 38
24 39
24 40
24 41
24 43
24 51
24 53
24 56
24 57
24 58
24 60
24 66
24 67
24 68
24 70
24 72
24 73
25 29
25 30
25 33
25 35
25 38
25 40
25 42
25 44
25 45
25 46
25 47
25 49
25 51
25 52
25 53
25 56
25 57
25 59
25 61
25 62
25 63
25 65
25 66
25 67
25 68
25 70
25 72
25 73
25 74
26 28
26 30
26 34
26 39
26 42
26 44
26 48
26 50
26 52
26 56
26 64
26 66
26 68
26 69
26 70
26 72
26 73
27 29
27 30
27 31
27 34
27 35
27 37
27 40
27 42
27 43
27 51
27 52
27 53
27 56
27 60
27 64
27 65
27 66
27 67
27 68
27 69
27 70
27 72
27 73
27 74
28 29
28 30
28 33
28 34
28 35
28 36
28 37
28 38
28 39
28 40
28 42
28 43
28 44
28 45
28 47
28 51
28 55
28 57
28 58
28 60
28 68
28 70
28 72
29 30
29 32
29 33
29 36
29 38
29 40
29 43
29 44
29 45
29 47
29 50
29 52
29 53
29 56
29 58
29 64
29 65
29 69
29 70
29 71
29 72
29 73
29 74
30 32
30 34
30 35
30 37
30 38
30 42
30 46
30 48
30 49
30 54
30 56
30 57
30 58
30 59
30 61
30 63
30 64
30 65
30 69
30 71
30 72
31 36
31 37
31 40
31 42
31 46
31 49
31 51
31 52
31 53
31 54
31 56
31 59
31 60
31 62
31 64
31 66
31 67
31 68
31 71
31 73
32 35
32 37
32 41
32 43
32 44
32 45
32 46
32 49
32 50
32 53
32 54
32 55
32 56
32 57
32 58
32 59
32 60
32 61
32 62
32 68
32 71
32 72
32 74
33 35
33 36
33 37
33 38
33 39
33 40
33 43
33 44
33 46
33 47
33 48
33 49
33 50
33 53
33 54
33 55
33 56
33 62
33 65
33 66
33 67
33 68
33 69
33 71
34 37
34 40
34 42
34 43
34 45
34 46
34 47
34 51
34 52
34 55
34 59
34 63
34 66
34 68
34 69
34 71
34 73
35 38
35 41
35 43
35 46
35 47
35 48
35 52
35 56
35 57
35 58
35 59
35 60
35 61
35 62
35 63
35 64
35 65
35 69
35 71
35 72
36 38
36 39
36 40
36 44
36 45
36 46
36 47
36 48
36 49
36 50
36 52
36 53
36 54
36 56
36 58
36 62
36 64
36 65
36 66
36 67
36 68
36 69
36 70
36 71
36 72
37 38
37 39
37 41
37 43
37 44
37 45
37 50
37 52
37 53
37 54
37 57
37 58
37 59
37 60
37 61
37 62
37 67
37 70
37 71
37 72
37 73
38 39
38 41
38 44
38 48
38 49
38 52
38 54
38 56
38 58
38 60
38 61
38 62
38 63
38 64
38 65
38 66
38 69
38 70
38 71
38 72
38 73
39 40
39 43
39 44
39 45
39 51
39 53
39 54
39 55
39 56
39 58
39 60
39 61
39 62
39 63
39 64
39 67
39 68
39 71
40 41
40 44
40 46
40 47
40 48
40 52
40 53
40 56
40 57
40 58
40 59
40 60
40 61
40 65
40 70
40 71
40 72
40 74
41 47
41 48
41 56
41 58
41 59
41 63
41 66
41 71
41 72
41 74
42 43
42 45
42 46
42 51
42 53
42 56
42 58
42 59
42 60
42 62
42 63
42 66
42 71
42 72
43 44
43 45
43 47
43 48
43 49
43 50
43 52
43 56
43 58
43 60
43 62
43 63
43 64
43 66
43 67
43 68
43 70
43 71
43 72
43 74
44 45
44 46
44 49
44 50
44 51
44 52
44 53
44 54
44 55
44 58
44 63
44 65
44 72
44 73
44 74
45 48
45 49
45 54
45 56
45 57
45 59
45 60
45 61
45 65
45 71
45 74
46 47
46 49
46 52
46 53
46 54
46 57
46 58
46 59
46 60
46 61
46 64
46 66
46 67
46 69
46 70
46 71
46 72
46 74
47 49
47 50
47 52
47 54
47 55
47 56
47 57
47 59
47 61
47 63
47 68
47 70
47 71
48 49
48 50
48 51
48 52
48 55
48 57
48 59
48 60
48 62
48 63
48 64
48 65
48 66
48 71
48 72
48 74
49 50
49 52
49 54
49 55
49 56
49 57
49 58
49 60
49 62
49 64
49 65
49 66
49 68
49 72
49 73
50 51
50 52
50 53
50 54
50 56
50 58
50 59
50 60
50 61
50 62
50 65
50 66
50 70
50 72
50 74
51 53
51 55
51 57
51 59
51 60
51 64
51 65
51 66
51 67
51 68
51 69
51 70
51 71
51 72
52 54
52 55
52 57
52 58
52 59
52 62
52 63
52 64
52 65
52 71
52 72
52 73
52 74
53 56
53 57
53 58
53 62
53 64
53 65
53 66
53 67
53 69
53 71
53 73
53 74
54 56
54 57
54 59
54 60
54 62
54 65
54 67
54 71
54 74
55 57
55 59
55 63
55 64
55 67
55 68
55 69
55 70
55 71
55 73
56 57
56 68
56 69
56 71
56 73
57 60
57 63
57 65
57 66
57 68
57 69
57 71
57 73
57 74
58 59
58 66
58 69
58 71
58 72
58 74
58 94
59 62
59 63
59 65
59 66
59 67
59 71
59 72
59 74
60 61
60 63
60 64
60 67
60 69
60 71
60 72
61 62
61 63
61 71
61 73
62 64
62 69
62 70
62 71
63 64
63 67
63 69
63 72
63 73
64 68
64 69
64 73
64 74
65 67
65 68
65 71
66 68
66 69
66 74
67 68
67 70
67 71
67 72
68 69
68 70
68 72
68 74
69 70
69 71
69 72
69 73
69 74
69 143
70 71
71 73
71 74
72 73
72 74
75 78
75 80
75 82
75 83
75 86
75 90
75 91
75 92
75 97
75 99
75 100
75 106
75 107
75 108
75 111
75 112
75 113
75 117
75 120
75 123
75 125
75 127
75 128
75 129
75 131
75 132
75 134
75 136
75 137
75 138
75 139
75 142
75 143
75 145
75 146
75 147
76 77
76 78
76 79
76 80
76 84
76 88
76 89
76 90
76 91
76 92
76 93
76 98
76 100
76 101
76 103
76 104
76 106
76 110
76 112
76 113
76 115
76 116
76 120
76 122
76 124
76 125
76 129
76 130
76 131
76 134
76 135
76 139
76 140
76 142
76 143
76 144
76 145
76 147
76 149
77 78
77 79
77 80
77 84
77 85
77 86
77 87
77 89
77 90
77 94
77 98
77 99
77 100
77 101
77 102
77 104
77 105
77 106
77 108
77 109
77 110
77 111
77 115
77 116
77 117
77 118
77 120
77 121
77 122
77 123
77 125
77 126
77 130
77 132
77 135
77 138
77 142
77 143
77 144
77 145
77 148
78 79
78 84
78 87
78 89
78 90
78 91
78 92
78 93
78 96
78 98
78 99
78 100
78 101
78 102
78 104
78 105
78 107
78 108
78 109
78 110
78 111
78 112
78 114
78 115
78 116
78 119
78 120
78 121
78 124
78 125
78 126
78 128
78 133
78 137
78 138
78 139
78 141
78 142
78 143
78 144
78 149
79 82
79 83
79 84
79 92
79 96
79 98
79 99
79 101
79 103
79 104
79 105
79 106
79 108
79 110
79 114
79 116
79 117
79 118
79 119
79 121
79 122
79 124
79 126
79 128
79 130
79 131
79 132
79 134
79 142
79 144
79 145
79 147
79 149
80 82
80 84
80 86
80 88
80 89
80 92
80 93
80 94
80 95
80 98
80 99
80 101
80 103
80 110
80 113
80 114
80 115
80 116
80 117
80 123
80 126
80 129
80 130
80 133
80 134
80 136
80 137
80 138
80 139
80 140
80 142
80 143
80 145
80 148
80 149
81 85
81 87
81 90
81 93
81 94
81 96
81 97
81 98
81 99
81 105
81 108
81 109
81 111
81 112
81 114
81 115
81 117
81 118
81 121
81 122
81 123
81 125
81 127
81 129
81 132
81 135
81 136
81 138
81 139
81 142
81 145
81 146
81 148
81 149
82 83
82 85
82 89
82 90
82 91
82 93
82 94
82 95
82 98
82 101
82 102
82 106
82 109
82 110
82 115
82 116
82 121
82 122
82 123
82 125
82 126
82 127
82 130
82 131
82 133
82 136
82 137
82 141
82 142
82 147
82 148
82 149
83 85
83 86
83 88
83 90
83 91
83 92
83 93
83 98
83 100
83 102
83 106
83 107
83 108
83 109
83 110
83 112
83 120
83 122
83 125
83 126
83 127
83 128
83 130
83 131
83 132
83 135
83 139
83 142
83 144
83 148
83 149
84 87
84 92
84 93
84 95
84 97
84 102
84 104
84 105
84 106
84 108
84 109
84 111
84 112
84 115
84 118
84 119
84 120
84 124
84 125
84 128
84 130
84 131
84 133
84 135
84 136
84 137
84 138
84 141
84 142
84 144
84 145
84 147
85 86
85 87
85 88
85 91
85 93
85 94
85 95
85 96
85 99
85 100
85 101
85 102
85 103
85 106
85 107
85 108
85 109
85 111
85 113
85 115
85 116
85 117
85 118
85 122
85 123
85 124
85 125
85 127
85 131
85 133
85 135
85 136
85 138
85 142
85 144
85 147
85 148
85 149
86 88
86 93
86 95
86 96
86 99
86 100
86 102
86 103
86 105
86 109
86 110
86 113
86 117
86 118
86 119
86 120
86 123
86 126
86 127
86 129
86 133
86 134
86 137
86 139
86 140
86 142
86 146
86 149
87 88
87 89
87 91
87 92
87 96
87 99
87 100
87 102
87 103
87 104
87 106
87 107
87 109
87 111
87 112
87 115
87 118
87 121
87 122
87 123
87 124
87 125
87 127
87 128
87 129
87 130
87 132
87 133
87 134
87 135
87 137
87 139
87 140
87 142
87 143
87 144
87 145
87 147
87 148
88 89
88 92
88 99
88 102
88 103
88 106
88 109
88 111
88 112
88 120
88 121
88 125
88 127
88 128
88 130
88 132
88 140
88 142
88 144
88 145
88 147
88 148
89 90
89 91
89 92
89 93
89 96
89 99
89 104
89 106
89 107
89 109
89 110
89 113
89 114
89 116
89 119
89 120
89 121
89 122
89 124
89 126
89 127
89 128
89 129
89 130
89 131
89 132
89 133
89 137
89 138
89 140
89 141
89 142
89 144
89 145
89 147
90 91
90 92
90 93
90 95
90 96
90 97
90 98
90 99
90 100
90 102
90 104
90 105
90 111
90 112
90 113
90 115
90 116
90 117
90 119
90 121
90 123
90 124
90 125
90 126
90 128
90 129
90 131
90 132
90 135
90 136
90 138
90 139
90 142
90 147
90 149
91 92
91 93
91 94
91 96
91 99
91 101
91 108
91 111
91 118
91 120
91 121
91 123
91 124
91 130
91 131
91 132
91 133
91 135
91 136
91 139
91 140
91 142
91 144
91 145
91 146
91 147
91 149
92 98
92 100
92 104
92 105
92 109
92 113
92 114
92 121
92 123
92 126
92 128
92 129
92 131
92 132
92 134
92 135
92 136
92 138
92 139
92 140
92 141
92 145
92 146
92 147
93 96
93 97
93 98
93 99
93 100
93 101
93 104
93 105
93 109
93 111
93 112
93 113
93 116
93 117
93 119
93 121
93 122
93 126
93 127
93 128
93 130
93 132
93 133
93 135
93 137
93 138
93 139
93 141
93 145
94 95
94 96
94 97
94 98
94 100
94 101
94 102
94 104
94 105
94 107
94 108
94 109
94 111
94 114
94 117
94 118
94 120
94 125
94 127
94 128
94 130
94 131
94 133
94 136
94 137
94 138
94 139
94 141
94 143
94 144
94 145
94 147
94 148
94 149
95 97
95 101
95 102
95 103
95 105
95 106
95 109
95 110
95 111
95 113
95 116
95 118
95 121
95 122
95 124
95 125
95 126
95 129
95 134
95 135
95 138
95 139
95 140
95 141
95 144
95 145
95 146
95 147
95 149
96 97
96 99
96 100
96 101
96 102
96 103
96 108
96 109
96 112
96 114
96 117
96 118
96 119
96 120
96 126
96 128
96 133
96 134
96 137
96 139
96 141
96 147
96 148
97 98
97 99
97 100
97 102
97 103
97 104
97 105
97 108
97 111
97 113
97 115
97 116
97 117
97 118
97 119
97 120
97 121
97 122
97 126
97 127
97 130
97 134
97 137
97 138
97 139
97 140
97 142
97 143
97 145
97 146
97 148
97 149
98 99
98 100
98 103
98 104
98 105
98 106
98 107
98 110
98 119
98 120
98 122
98 123
98 124
98 128
98 132
98 133
98 134
98 135
98 136
98 144
98 145
98 148
99 103
99 104
99 106
99 109
99 111
99 112
99 117
99 118
99 119
99 120
99 122
99 123
99 124
99 126
99 129
99 130
99 131
99 133
99 135
99 136
99 138
99 141
99 143
99 147
99 149
100 103
100 104
100 105
100 107
100 111
100 115
100 116
100 118
100 119
100 121
100 123
100 124
100 128
100 129
100 130
100 133
100 135
100 137
100 138
100 142
100 143
100 146
100 148
101 102
101 106
101 107
101 111
101 115
101 118
101 119
101 125
101 127
101 131
101 132
101 134
101 135
101 138
101 139
101 141
101 143
101 144
101 145
101 147
102 103
102 105
102 106
102 112
102 113
102 114
102 115
102 118
102 120
102 121
102 123
102 124
102 130
102 131
102 132
102 135
102 136
102 139
102 140
102 143
102 145
102 146
102 147
102 149
103 106
103 107
103 109
103 110
103 112
103 121
103 124
103 127
103 128
103 129
103 130
103 131
103 133
103 134
103 136
103 137
103 138
103 139
103 140
103 141
103 144
103 146
103 147
103 148
103 149
104 105
104 106
104 107
104 111
104 112
104 113
104 114
104 118
104 120
104 121
104 123
104 124
104 125
104 129
104 130
104 134
104 135
104 136
104 139
104 140
104 146
104 147
104 149
105 107
105 108
105 109
105 114
105 117
105 118
105 119
105 122
105 124
105 125
105 126
105 130
105 131
105 137
105 140
105 141
105 142
105 143
105 144
105 145
105 146
105 148
106 107
106 109
106 111
106 113
106 115
106 116
106 119
106 125
106 126
106 129
106 130
106 131
106 133
106 135
106 137
106 138
106 139
106 140
106 141
106 145
106 148
107 108
107 109
107 110
107 111
107 112
107 114
107 115
107 116
107 119
107 121
107 123
107 124
107 125
107 126
107 131
107 134
107 136
107 139
107 141
107 142
107 144
107 146
107 148
107 149
108 109
108 111
108 112
108 115
108 116
108 120
108 122
108 123
108 127
108 128
108 129
108 133
108 134
108 136
108 137
108 138
108 140
108 142
108 143
108 147
108 149
109 110
109 112
109 114
109 115
109 116
109 118
109 119
109 120
109 121
109 123
109 126
109 127
109 131
109 132
109 133
109 134
109 135
109 141
109 142
109 144
109 145
109 147
109 149
110 112
110 113
110 115
110 116
110 119
110 121
110 123
110 126
110 128
110 129
110 130
110 133
110 136
110 137
110 138
110 143
110 147
110 148
110 149
111 112
111 113
111 114
111 117
111 129
111 130
111 131
111 132
111 134
111 142
111 144
111 145
111 147
111 148
111 149
112 115
112 116
112 119
112 120
112 121
112 123
112 126
112 128
112 129
112 130
112 131
112 134
112 135
112 137
112 138
112 141
112 142
112 145
112 146
112 149
113 114
113 115
113 117
113 118
113 119
113 122
113 123
113 126
113 128
113 129
113 132
113 134
113 135
113 139
113 140
113 141
113 143
113 146
113 147
114 116
114 118
114 121
114 122
114 124
114 125
114 128
114 131
114 132
114 134
114 135
114 136
114 138
114 139
114 143
114 146
114 148
114 149
115 117
115 120
115 123
115 128
115 129
115 130
115 131
115 134
115 135
115 139
115 141
115 146
115 149
116 117
116 122
116 123
116 124
116 125
116 126
116 127
116 129
116 130
116 135
116 136
116 137
116 139
116 140
116 141
116 142
116 143
116 144
116 146
116 148
116 149
117 118
117 120
117 123
117 125
117 130
117 131
117 132
117 134
117 136
117 137
117 140
117 143
117 145
117 146
117 147
118 122
118 124
118 125
118 129
118 130
118 135
118 136
118 137
118 138
118 139
118 142
118 143
118 144
118 146
118 148
119 120
119 121
119 122
119 123
119 125
119 127
119 128
119 129
119 130
119 132
119 134
119 135
119 137
119 138
119 139
119 141
119 142
119 143
119 147
119 149
120 123
120 124
120 125
120 128
120 130
120 131
120 133
120 135
120 136
120 137
120 139
120 143
120 144
120 145
120 146
120 148
120 149
121 122
121 127
121 130
121 132
121 134
121 135
121 136
121 137
121 138
121 139
121 140
121 141
121 143
121 144
121 147
121 148
122 125
122 129
122 131
122 132
122 136
122 137
122 138
122 139
122 147
122 149
123 124
123 125
123 127
123 129
123 132
123 133
123 134
123 137
123 139
123 141
123 142
123 148
123 149
124 125
124 127
124 128
124 135
124 137
124 138
124 141
124 142
124 146
124 149
125 127
125 128
125 129
125 130
125 131
125 132
125 134
125 139
125 140
125 141
125 142
125 149
126 132
126 136
126 139
126 140
126 142
126 143
126 144
126 146
126 147
127 128
127 129
127 132
127 136
127 137
127 142
127 143
127 144
127 146
127 147
127 149
128 130
128 131
128 132
128 134
128 135
128 136
128 140
128 141
128 142
128 145
128 147
129 138
129 139
129 140
129 142
129 143
129 145
129 147
130 132
130 138
130 143
130 144
130 145
130 146
130 147
130 149
131 135
131 137
131 138
131 139
131 142
131 143
131 146
131 149
132 134
132 136
132 137
132 139
132 140
132 143
132 144
132 145
132 146
132 148
133 135
133 137
133 138
133 139
133 141
133 142
133 143
133 145
133 146
133 147
133 149
134 139
134 141
134 142
134 146
135 137
135 139
135 140
135 142
135 143
135 145
135 146
135 147
135 148
135 149
136 137
136 141
136 142
136 145
136 146
136 147
136 149
137 140
137 146
138 139
138 140
138 141
138 142
138 143
138 146
138 148
138 149
139 140
139 141
139 142
139 144
139 146
139 148
140 142
140 144
140 147
141 143
141 144
141 147
142 145
142 146
142 148
142 149
143 145
143 146
143 148
143 149
144 145
144 147
144 148
145 149
146 147
146 148
148 149
