0 2
0 4
0 6
0 7
0 8
0 9
0 13
0 15
0 16
0 17
0 18
0 23
0 24
0 26
0 29
0 32
0 33
0 35
0 39
0 40
0 41
0 42
0 43
0 45
0 47
0 48
0 49
1 2
1 7
1 8
1 10
1 13
1 14
1 15
1 17
1 22
1 23
1 24
1 25
1 31
1 32
1 34
1 36
1 37
1 38
1 42
1 45
1 46
1 49
2 3
2 5
2 6
2 7
2 9
2 10
2 15
2 17
2 18
2 21
2 24
2 25
2 27
2 30
2 31
2 35
2 37
2 40
2 42
2 47
2 49
3 4
3 7
3 10
3 14
3 15
3 17
3 23
3 24
3 25
3 27
3 29
3 30
3 33
3 34
3 36
3 38
3 41
3 44
3 45
3 46
3 48
3 49
4 6
4 8
4 9
4 13
4 14
4 15
4 16
4 17
4 18
4 19
4 20
4 23
4 27
4 28
4 29
4 37
4 39
4 43
4 46
5 6
5 7
5 8
5 9
5 10
5 11
5 17
5 18
5 19
5 20
5 22
5 23
5 25
5 26
5 28
5 29
5 30
5 31
5 32
5 33
5 34
5 38
5 41
5 43
5 44
5 45
5 46
5 48
5 49
6 10
6 12
6 13
6 15
6 16
6 18
6 19
6 20
6 22
6 23
6 24
6 26
6 28
6 30
6 34
6 35
6 37
6 38
6 40
6 41
6 42
6 45
6 49
7 9
7 11
7 12
7 13
7 15
7 17
7 18
7 19
7 20
7 21
7 22
7 24
7 25
7 26
7 30
7 31
7 34
7 36
7 38
7 40
7 41
7 42
7 43
7 44
7 45
7 46
7 48
7 49
8 9
8 11
8 13
8 15
8 17
8 18
8 21
8 27
8 29
8 30
8 31
8 32
8 33
8 34
8 36
8 37
8 38
8 39
8 40
8 41
8 42
8 43
8 45
8 47
8 49
9 10
9 11
9 13
9 14
9 15
9 17
9 18
9 19
9 20
9 21
9 24
9 27
9 28
9 29
9 31
9 32
9 34
9 40
9 41
9 42
9 44
9 46
9 49
10 11
10 12
10 13
10 15
10 16
10 17
10 20
10 22
10 23
10 25
10 26
10 27
10 30
10 33
10 37
10 42
10 43
10 44
10 47
10 48
10 49
11 12
11 13
11 18
11 24
11 25
11 28
11 29
11 31
11 33
11 36
11 39
11 41
11 42
11 43
11 46
11 48
12 15
12 16
12 18
12 19
12 20
12 21
12 22
12 23
12 25
12 27
12 28
12 29
12 31
12 35
12 37
12 38
12 39
12 40
12 41
12 42
12 45
12 46
12 48
13 18
13 19
13 20
13 21
13 22
13 25
13 27
13 28
13 29
13 30
13 31
13 32
13 33
13 36
13 38
13 39
13 41
13 42
13 43
13 46
13 47
13 48
14 16
14 18
14 19
14 23
14 24
14 29
14 32
14 33
14 34
14 36
14 37
14 39
14 41
14 42
14 44
14 45
14 47
15 19
15 24
15 25
15 26
15 30
15 31
15 32
15 35
15 36
15 37
15 39
15 40
15 41
15 42
15 43
15 44
15 46
15 48
15 49
16 19
16 20
16 23
16 24
16 28
16 30
16 31
16 32
16 34
16 36
16 38
16 40
16 42
16 43
16 45
16 47
16 48
16 49
17 18
17 19
17 24
17 25
17 27
17 29
17 30
17 31
17 32
17 33
17 34
17 35
17 36
17 37
17 38
17 42
17 43
17 45
17 47
17 48
17 49
18 19
18 21
18 28
18 29
18 30
18 31
18 34
18 37
18 38
18 42
18 43
18 44
18 45
18 46
18 47
18 49
19 20
19 21
19 23
19 24
19 25
19 26
19 27
19 28
19 32
19 33
19 34
19 38
19 39
19 40
19 43
19 44
19 47
19 48
20 21
20 22
20 26
20 27
20 30
20 33
20 37
20 38
20 42
20 43
20 44
20 47
20 49
21 22
21 23
21 24
21 25
21 27
21 30
21 32
21 33
21 35
21 36
21 37
21 41
21 45
21 46
21 47
22 25
22 29
22 31
22 33
22 35
22 37
22 39
22 40
22 45
22 46
22 47
23 28
23 33
23 39
23 40
23 43
23 47
23 48
24 25
24 26
24 27
24 31
24 32
24 33
24 35
24 36
24 38
24 39
24 40
24 42
24 45
24 48
24 49
25 28
25 29
25 30
25 31
25 32
25 33
25 34
25 37
25 38
25 39
25 42
25 45
25 47
25 49
26 27
26 28
26 31
26 32
26 33
26 36
26 38
26 39
26 41
26 45
26 47
27 29
27 30
27 31
27 32
27 36
27 37
27 38
27 39
27 44
27 46
27 49
28 29
28 31
28 33
28 34
28 36
28 37
28 38
28 39
28 40
28 41
28 44
28 45
28 46
28 47
28 49
29 30
29 34
29 36
29 37
29 39
29 41
29 42
29 43
29 44
29 45
29 47
30 31
30 32
30 33
30 34
30 36
30 38
30 40
30 42
30 43
30 44
30 47
30 49
31 34
31 35
31 36
31 38
31 40
31 44
31 45
31 46
31 48
31 49
32 34
32 35
32 40
32 42
32 43
32 44
32 46
32 48
33 34
33 35
33 36
33 41
33 42
33 43
34 37
34 38
34 42
34 46
34 48
34 49
34 91
35 37
35 38
35 41
35 44
35 45
35 46
35 47
35 48
35 49
36 37
36 38
36 40
36 41
36 42
36 45
36 47
36 48
36 49
37 38
37 40
37 42
37 44
37 45
37 46
38 40
38 41
38 45
38 46
38 48
39 42
39 43
39 45
39 47
39 49
40 41
40 42
40 46
40 48
40 49
41 43
41 47
41 48
42 43
42 44
42 45
42 47
43 44
43 47
44 47
44 48
44 49
44 61
45 47
45 49
46 47
46 49
47 49
48 49
48 97
50 54
50 55
50 58
50 59
50 62
50 63
50 65
50 66
50 67
50 68
50 71
50 73
50 75
50 78
50 81
50 84
50 86
50 88
50 89
50 91
50 94
50 98
50 99
51 55
51 57
51 58
51 59
51 60
51 61
51 62
51 66
51 67
51 68
51 69
51 77
51 79
51 82
51 83
51 85
51 86
51 88
51 98
52 53
52 55
52 56
52 57
52 58
52 59
52 60
52 61
52 63
52 67
52 68
52 71
52 72
52 76
52 79
52 80
52 83
52 87
52 88
52 89
52 91
52 92
52 94
52 95
52 97
52 98
53 56
53 57
53 59
53 60
53 61
53 63
53 66
53 67
53 68
53 69
53 78
53 82
53 83
53 86
53 88
53 89
53 92
53 95
53 96
53 98
53 99
54 55
54 56
54 60
54 61
54 64
54 65
54 66
54 67
54 70
54 75
54 76
54 78
54 79
54 80
54 84
54 87
54 89
54 92
54 93
54 94
54 97
55 56
55 57
55 59
55 60
55 62
55 64
55 67
55 69
55 71
55 74
55 75
55 77
55 79
55 80
55 85
55 87
55 88
55 89
55 90
55 91
55 95
55 96
56 57
56 58
56 59
56 61
56 62
56 63
56 64
56 65
56 66
56 67
56 69
56 75
56 77
56 80
56 84
56 85
56 87
56 96
56 99
57 65
57 66
57 69
57 70
57 80
57 83
57 84
57 86
57 88
57 94
57 96
57 97
58 61
58 62
58 63
58 66
58 67
58 68
58 71
58 72
58 73
58 75
58 77
58 78
58 79
58 84
58 86
58 97
58 99
59 61
59 62
59 67
59 70
59 73
59 74
59 75
59 77
59 79
59 80
59 84
59 85
59 86
59 88
59 89
59 90
59 92
59 93
59 94
59 97
59 99
60 61
60 63
60 66
60 67
60 69
60 71
60 74
60 76
60 78
60 79
60 83
60 84
60 86
60 87
60 88
60 91
60 93
60 94
60 96
60 97
60 98
61 62
61 63
61 66
61 68
61 70
61 71
61 72
61 73
61 74
61 75
61 79
61 82
61 83
61 84
61 89
61 91
61 94
61 98
61 99
62 63
62 64
62 67
62 68
62 73
62 76
62 79
62 82
62 83
62 86
62 88
62 90
62 91
62 92
62 93
62 94
62 96
62 97
62 99
63 72
63 75
63 77
63 78
63 82
63 83
63 89
63 91
63 92
63 94
63 96
63 97
63 98
64 68
64 69
64 70
64 74
64 76
64 77
64 78
64 79
64 83
64 85
64 89
64 90
64 92
64 95
64 96
64 97
64 99
65 66
65 67
65 68
65 69
65 70
65 71
65 73
65 76
65 80
65 86
65 87
65 90
65 91
65 93
65 95
65 98
66 67
66 71
66 72
66 73
66 75
66 80
66 81
66 83
66 86
66 87
66 88
66 90
66 91
66 93
66 95
66 96
67 68
67 69
67 72
67 73
67 74
67 75
67 78
67 79
67 80
67 81
67 84
67 88
67 91
67 93
67 98
68 70
68 71
68 73
68 77
68 78
68 80
68 85
68 86
68 87
68 88
68 89
68 92
68 94
68 95
68 96
68 97
69 71
69 74
69 76
69 77
69 80
69 81
69 84
69 88
69 90
69 92
69 95
69 96
69 97
69 98
69 99
70 72
70 74
70 80
70 81
70 83
70 87
70 90
70 92
70 93
70 94
70 95
70 96
70 97
71 73
71 74
71 76
71 80
71 83
71 85
71 88
71 89
71 90
71 94
71 95
71 97
72 73
72 74
72 78
72 81
72 87
72 91
72 93
72 96
73 75
73 77
73 80
73 83
73 84
73 85
73 86
73 87
73 90
73 91
73 92
73 94
73 95
73 97
74 75
74 76
74 77
74 78
74 79
74 80
74 81
74 88
74 89
74 90
74 97
74 99
75 77
75 81
75 82
75 83
75 84
75 85
75 86
75 91
75 92
75 94
75 95
75 96
75 97
75 99
76 78
76 81
76 84
76 85
76 88
76 90
76 91
76 95
76 97
76 99
77 78
77 81
77 82
77 83
77 84
77 85
77 86
77 87
77 90
77 94
78 80
78 84
78 85
78 91
78 92
78 95
78 96
78 97
78 99
79 80
79 85
79 87
79 89
79 90
79 92
79 96
79 98
79 99
80 85
80 86
80 90
80 91
80 97
80 98
81 82
81 84
81 88
81 89
81 91
81 92
81 94
81 95
81 97
81 99
82 84
82 87
82 89
82 93
82 95
82 96
82 98
83 84
83 86
83 88
83 90
83 91
83 93
83 94
83 96
83 98
84 89
84 90
84 91
84 92
84 93
84 95
84 99
85 88
85 90
85 92
85 93
85 94
85 96
85 97
85 98
85 99
86 88
86 90
86 92
86 93
86 94
87 91
87 93
87 95
87 96
87 97
87 99
88 89
88 91
88 92
88 93
89 91
89 93
89 94
89 95
89 96
89 99
90 94
90 96
90 97
90 99
91 93
91 94
91 96
91 97
92 93
92 94
92 97
93 96
93 97
93 99
94 97
95 97
95 98
96 97
96 98
96 99
97 99
98 99
