0 2
0 3
0 4
0 7
0 10
0 11
0 13
0 14
1 3
1 6
1 9
1 11
1 12
1 13
2 4
2 6
2 9
2 10
3 5
3 6
3 7
3 9
3 10
4 5
4 6
5 6
5 8
5 9
5 11
5 13
5 20
6 7
6 10
6 12
7 9
7 12
7 13
7 14
8 9
8 13
9 11
9 13
9 14
9 26
9 17
10 12
10 14
11 12
11 13
12 13
12 14
13 14
15 17
15 18
15 19
15 20
15 21
15 24
15 25
15 28
15 29
16 17
16 19
16 21
16 22
16 23
16 24
16 26
16 28
16 29
17 22
17 26
17 27
17 28
17 29
18 19
18 20
18 21
18 22
18 23
18 26
18 27
18 28
19 20
19 21
19 22
19 25
19 28
19 29
20 23
20 29
21 22
21 24
21 25
21 27
21 28
22 23
22 25
23 26
23 28
23 29
24 27
25 26
25 27
26 27
27 29
28 29
