0 1
0 2
0 3
0 4
0 7
0 8
0 10
0 15
0 17
0 18
0 20
0 21
0 22
0 24
0 25
0 27
0 29
0 31
0 34
0 38
0 39
0 40
0 41
0 45
0 46
0 47
0 49
0 50
0 51
0 52
0 54
0 56
0 59
0 60
0 62
0 63
0 65
0 66
0 67
0 68
0 70
0 71
0 72
0 73
0 74
0 76
0 80
0 81
0 82
0 83
0 85
0 89
0 90
0 91
0 93
0 95
0 99
0 100
0 101
0 103
0 108
0 110
0 111
0 112
0 118
0 119
0 121
0 123
0 125
0 126
0 127
0 130
0 132
0 133
0 138
0 143
0 144
0 145
0 146
0 148
1 2
1 5
1 6
1 7
1 9
1 10
1 12
1 13
1 15
1 17
1 21
1 25
1 29
1 30
1 31
1 33
1 34
1 36
1 37
1 39
1 42
1 43
1 45
1 46
1 48
1 49
1 50
1 52
1 53
1 55
1 56
1 58
1 60
1 64
1 67
1 68
1 69
1 70
1 71
1 75
1 76
1 77
1 78
1 79
1 82
1 85
1 86
1 89
1 93
1 96
1 97
1 98
1 102
1 109
1 110
1 116
1 118
1 124
1 125
1 127
1 128
1 129
1 130
1 132
1 133
1 135
1 139
1 140
1 141
1 144
1 147
2 4
2 5
2 6
2 8
2 10
2 13
2 15
2 16
2 21
2 24
2 26
2 28
2 29
2 33
2 34
2 36
2 37
2 38
2 39
2 40
2 41
2 42
2 43
2 45
2 46
2 47
2 48
2 53
2 55
2 59
2 65
2 72
2 73
2 74
2 75
2 76
2 78
2 80
2 82
2 83
2 88
2 90
2 95
2 96
2 99
2 101
2 102
2 106
2 107
2 108
2 112
2 113
2 115
2 117
2 118
2 124
2 126
2 128
2 130
2 132
2 133
2 134
2 136
2 137
2 138
2 140
2 145
2 148
2 149
3 4
3 5
3 6
3 7
3 9
3 13
3 16
3 17
3 21
3 23
3 24
3 26
3 27
3 29
3 37
3 41
3 44
3 46
3 47
3 49
3 50
3 56
3 57
3 60
3 61
3 62
3 63
3 64
3 69
3 72
3 76
3 79
3 83
3 84
3 88
3 90
3 91
3 92
3 95
3 96
3 97
3 98
3 100
3 105
3 108
3 109
3 110
3 112
3 114
3 115
3 117
3 120
3 121
3 122
3 123
3 124
3 125
3 126
3 133
3 139
3 144
3 146
3 147
3 148
4 5
4 7
4 9
4 10
4 17
4 19
4 23
4 26
4 28
4 32
4 35
4 37
4 38
4 40
4 42
4 43
4 44
4 45
4 48
4 49
4 50
4 52
4 53
4 54
4 55
4 57
4 58
4 59
4 61
4 62
4 63
4 65
4 67
4 68
4 70
4 71
4 72
4 74
4 76
4 79
4 80
4 81
4 82
4 85
4 87
4 88
4 89
4 94
4 95
4 96
4 100
4 104
4 106
4 107
4 108
4 109
4 111
4 112
4 115
4 116
4 120
4 126
4 127
4 129
4 130
4 134
4 138
4 143
4 145
4 146
4 147
4 149
5 7
5 9
5 10
5 11
5 12
5 17
5 18
5 20
5 22
5 24
5 27
5 33
5 35
5 36
5 37
5 39
5 40
5 42
5 43
5 45
5 48
5 49
5 50
5 51
5 53
5 54
5 59
5 60
5 61
5 62
5 63
5 64
5 65
5 66
5 67
5 69
5 70
5 71
5 77
5 80
5 81
5 86
5 92
5 94
5 96
5 97
5 100
5 101
5 105
5 106
5 108
5 110
5 111
5 114
5 120
5 122
5 124
5 127
5 129
5 130
5 133
5 134
5 136
5 137
5 138
5 141
5 142
5 144
5 148
6 7
6 9
6 10
6 11
6 12
6 14
6 15
6 16
6 19
6 20
6 24
6 25
6 26
6 27
6 28
6 29
6 30
6 32
6 33
6 34
6 35
6 38
6 39
6 40
6 41
6 42
6 44
6 46
6 48
6 55
6 56
6 57
6 59
6 60
6 61
6 64
6 66
6 68
6 72
6 76
6 77
6 79
6 81
6 83
6 85
6 86
6 88
6 91
6 96
6 100
6 102
6 103
6 104
6 105
6 106
6 109
6 110
6 111
6 113
6 115
6 118
6 122
6 125
6 128
6 129
6 131
6 133
6 136
6 139
6 142
6 148
7 9
7 11
7 12
7 16
7 19
7 22
7 23
7 24
7 25
7 26
7 28
7 29
7 31
7 33
7 34
7 35
7 39
7 41
7 43
7 44
7 45
7 47
7 48
7 49
7 51
7 52
7 54
7 55
7 56
7 58
7 59
7 63
7 64
7 66
7 69
7 70
7 73
7 76
7 79
7 81
7 82
7 83
7 84
7 86
7 90
7 92
7 93
7 96
7 97
7 98
7 99
7 100
7 102
7 103
7 104
7 105
7 107
7 110
7 111
7 113
7 119
7 121
7 122
7 123
7 126
7 130
7 131
7 132
7 133
7 135
7 137
7 138
7 139
7 140
7 142
7 144
7 145
8 17
8 18
8 19
8 21
8 22
8 23
8 29
8 31
8 32
8 34
8 36
8 37
8 40
8 43
8 46
8 47
8 48
8 49
8 51
8 52
8 53
8 54
8 55
8 59
8 60
8 61
8 65
8 66
8 67
8 74
8 76
8 83
8 86
8 87
8 90
8 91
8 93
8 94
8 97
8 98
8 99
8 100
8 103
8 104
8 105
8 106
8 108
8 113
8 116
8 119
8 120
8 121
8 124
8 126
8 128
8 129
8 133
8 134
8 135
8 139
8 143
8 144
8 146
8 147
8 149
9 10
9 11
9 12
9 13
9 14
9 18
9 20
9 21
9 22
9 25
9 26
9 28
9 30
9 31
9 32
9 34
9 35
9 36
9 37
9 38
9 40
9 44
9 45
9 46
9 50
9 53
9 56
9 58
9 60
9 61
9 62
9 63
9 66
9 69
9 70
9 72
9 74
9 75
9 78
9 79
9 81
9 84
9 86
9 87
9 89
9 90
9 91
9 92
9 94
9 95
9 96
9 98
9 100
9 101
9 103
9 105
9 106
9 107
9 110
9 114
9 118
9 120
9 121
9 124
9 125
9 127
9 133
9 134
9 137
9 138
9 145
9 146
9 147
10 14
10 15
10 16
10 18
10 20
10 21
10 22
10 24
10 26
10 27
10 29
10 30
10 31
10 34
10 36
10 37
10 38
10 39
10 40
10 41
10 42
10 46
10 48
10 49
10 53
10 54
10 55
10 56
10 57
10 58
10 60
10 62
10 63
10 64
10 66
10 67
10 68
10 70
10 71
10 73
10 77
10 79
10 85
10 86
10 87
10 89
10 90
10 91
10 92
10 93
10 96
10 99
10 100
10 106
10 110
10 111
10 114
10 116
10 117
10 118
10 120
10 122
10 124
10 125
10 126
10 127
10 128
10 129
10 131
10 132
10 136
10 139
10 141
10 143
10 146
10 147
10 149
11 12
11 13
11 14
11 17
11 20
11 30
11 32
11 34
11 42
11 46
11 47
11 48
11 49
11 52
11 55
11 57
11 59
11 61
11 62
11 72
11 73
11 75
11 77
11 78
11 79
11 80
11 81
11 82
11 85
11 88
11 89
11 92
11 93
11 94
11 95
11 97
11 100
11 101
11 104
11 107
11 108
11 109
11 110
11 112
11 113
11 114
11 118
11 119
11 120
11 126
11 127
11 128
11 129
11 130
11 131
11 132
11 133
11 135
11 138
11 141
11 142
11 143
11 144
11 146
11 147
11 149
12 13
12 15
12 17
12 22
12 23
12 24
12 25
12 28
12 29
12 33
12 34
12 35
12 36
12 37
12 38
12 39
12 40
12 41
12 44
12 45
12 47
12 48
12 50
12 52
12 53
12 55
12 58
12 60
12 61
12 64
12 67
12 68
12 69
12 70
12 72
12 73
12 74
12 76
12 78
12 79
12 80
12 81
12 82
12 89
12 90
12 92
12 95
12 96
12 97
12 99
12 100
12 104
12 108
12 109
12 112
12 116
12 119
12 120
12 124
12 127
12 128
12 129
12 131
12 132
12 133
12 135
12 137
12 139
12 140
12 142
12 147
12 149
13 16
13 17
13 18
13 21
13 24
13 25
13 26
13 28
13 34
13 35
13 41
13 43
13 45
13 46
13 48
13 55
13 57
13 58
13 59
13 61
13 62
13 65
13 66
13 67
13 68
13 69
13 71
13 74
13 77
13 81
13 82
13 83
13 84
13 88
13 89
13 90
13 91
13 92
13 93
13 94
13 95
13 97
13 100
13 101
13 104
13 105
13 111
13 114
13 115
13 118
13 119
13 122
13 123
13 124
13 125
13 128
13 129
13 133
13 134
13 135
13 137
13 140
13 141
13 143
14 15
14 18
14 19
14 22
14 23
14 25
14 26
14 28
14 30
14 35
14 37
14 38
14 39
14 42
14 43
14 47
14 49
14 52
14 54
14 55
14 56
14 57
14 58
14 59
14 61
14 64
14 65
14 70
14 71
14 72
14 73
14 74
14 75
14 76
14 77
14 79
14 80
14 81
14 82
14 83
14 84
14 85
14 86
14 89
14 90
14 91
14 92
14 95
14 97
14 101
14 102
14 104
14 106
14 107
14 110
14 114
14 115
14 117
14 119
14 121
14 122
14 124
14 125
14 131
14 132
14 133
14 134
14 135
14 137
14 138
14 140
14 141
14 143
14 144
14 145
14 147
14 149
15 18
15 19
15 23
15 26
15 28
15 30
15 32
15 33
15 34
15 35
15 39
15 41
15 45
15 48
15 51
15 52
15 55
15 57
15 60
15 62
15 66
15 68
15 69
15 70
15 71
15 73
15 75
15 80
15 82
15 83
15 84
15 85
15 86
15 88
15 95
15 96
15 98
15 99
15 100
15 101
15 103
15 104
15 105
15 107
15 108
15 112
15 114
15 115
15 116
15 119
15 121
15 123
15 124
15 126
15 127
15 128
15 133
15 136
15 140
15 141
15 143
15 145
15 147
15 148
16 20
16 21
16 24
16 27
16 29
16 35
16 36
16 37
16 38
16 40
16 49
16 50
16 51
16 56
16 58
16 59
16 62
16 67
16 68
16 69
16 70
16 72
16 73
16 74
16 75
16 79
16 80
16 81
16 84
16 85
16 86
16 87
16 89
16 91
16 94
16 96
16 101
16 103
16 104
16 107
16 111
16 113
16 115
16 116
16 118
16 120
16 121
16 122
16 124
16 126
16 127
16 128
16 131
16 132
16 133
16 134
16 138
16 140
16 141
16 142
16 146
16 149
17 18
17 19
17 21
17 25
17 26
17 27
17 28
17 31
17 32
17 33
17 34
17 36
17 37
17 40
17 42
17 44
17 46
17 47
17 48
17 49
17 50
17 51
17 57
17 58
17 60
17 61
17 62
17 64
17 66
17 68
17 69
17 70
17 73
17 75
17 77
17 79
17 80
17 82
17 86
17 92
17 96
17 100
17 102
17 104
17 106
17 107
17 109
17 113
17 117
17 118
17 121
17 122
17 125
17 127
17 128
17 129
17 130
17 132
17 133
17 134
17 144
17 146
17 147
17 149
18 21
18 27
18 28
18 29
18 30
18 31
18 32
18 33
18 37
18 38
18 41
18 42
18 43
18 45
18 46
18 47
18 48
18 54
18 57
18 59
18 60
18 62
18 65
18 66
18 67
18 72
18 73
18 74
18 75
18 76
18 81
18 82
18 83
18 84
18 87
18 91
18 93
18 94
18 97
18 100
18 101
18 103
18 104
18 105
18 106
18 107
18 111
18 112
18 114
18 115
18 116
18 117
18 119
18 120
18 121
18 123
18 125
18 126
18 130
18 131
18 132
18 135
18 137
18 138
18 139
18 140
18 143
18 146
18 149
19 20
19 21
19 23
19 24
19 25
19 27
19 28
19 30
19 32
19 33
19 34
19 37
19 38
19 39
19 40
19 41
19 42
19 44
19 46
19 47
19 51
19 54
19 55
19 57
19 58
19 59
19 60
19 63
19 66
19 68
19 72
19 74
19 77
19 79
19 80
19 86
19 87
19 93
19 95
19 96
19 100
19 103
19 104
19 105
19 106
19 108
19 114
19 115
19 116
19 118
19 119
19 123
19 125
19 128
19 129
19 131
19 132
19 133
19 134
19 136
19 137
19 139
19 140
19 142
19 143
19 145
19 147
20 21
20 24
20 25
20 26
20 28
20 30
20 31
20 32
20 34
20 36
20 37
20 40
20 41
20 42
20 46
20 50
20 51
20 52
20 53
20 54
20 55
20 56
20 57
20 59
20 61
20 62
20 65
20 66
20 69
20 70
20 71
20 72
20 77
20 78
20 81
20 82
20 83
20 85
20 86
20 89
20 90
20 91
20 93
20 96
20 97
20 101
20 102
20 103
20 106
20 107
20 109
20 111
20 112
20 113
20 114
20 117
20 118
20 119
20 120
20 125
20 128
20 129
20 131
20 134
20 135
20 136
20 137
20 139
20 141
20 143
20 144
20 146
20 148
21 24
21 26
21 27
21 28
21 29
21 30
21 31
21 32
21 35
21 37
21 38
21 39
21 43
21 44
21 46
21 47
21 48
21 49
21 50
21 51
21 53
21 55
21 56
21 57
21 58
21 59
21 61
21 62
21 63
21 68
21 69
21 70
21 71
21 73
21 76
21 77
21 78
21 79
21 83
21 84
21 86
21 88
21 89
21 90
21 93
21 94
21 96
21 97
21 98
21 104
21 109
21 110
21 111
21 116
21 117
21 118
21 123
21 124
21 128
21 129
21 135
21 137
21 138
21 141
21 142
21 144
21 147
21 149
22 24
22 25
22 26
22 28
22 29
22 30
22 31
22 32
22 33
22 34
22 35
22 36
22 37
22 39
22 42
22 44
22 45
22 46
22 48
22 49
22 50
22 52
22 54
22 55
22 57
22 58
22 60
22 61
22 68
22 69
22 71
22 73
22 74
22 75
22 77
22 85
22 90
22 94
22 95
22 98
22 100
22 101
22 102
22 104
22 106
22 107
22 108
22 110
22 111
22 113
22 115
22 121
22 122
22 123
22 124
22 125
22 126
22 127
22 131
22 134
22 136
22 137
22 138
22 140
22 145
22 147
22 148
23 25
23 26
23 28
23 31
23 33
23 35
23 37
23 39
23 42
23 44
23 45
23 46
23 47
23 48
23 49
23 50
23 52
23 53
23 54
23 55
23 56
23 58
23 60
23 63
23 64
23 67
23 68
23 70
23 71
23 74
23 76
23 81
23 82
23 83
23 91
23 95
23 102
23 105
23 108
23 110
23 112
23 115
23 116
23 121
23 122
23 124
23 125
23 126
23 127
23 131
23 133
23 134
23 137
23 138
23 140
23 141
23 145
23 148
23 149
24 25
24 27
24 30
24 33
24 34
24 35
24 36
24 40
24 41
24 42
24 43
24 44
24 45
24 48
24 49
24 51
24 53
24 55
24 57
24 62
24 66
24 68
24 69
24 70
24 72
24 73
24 74
24 75
24 78
24 79
24 81
24 82
24 83
24 84
24 86
24 87
24 89
24 92
24 95
24 99
24 102
24 104
24 108
24 109
24 110
24 112
24 114
24 118
24 121
24 124
24 126
24 128
24 134
24 135
24 137
24 138
24 141
24 145
24 146
24 148
24 149
24 278
25 28
25 38
25 39
25 40
25 42
25 44
25 45
25 47
25 48
25 49
25 51
25 53
25 54
25 55
25 56
25 58
25 61
25 62
25 64
25 66
25 67
25 70
25 74
25 75
25 83
25 84
25 85
25 87
25 96
25 97
25 98
25 101
25 102
25 103
25 108
25 111
25 112
25 113
25 114
25 115
25 116
25 124
25 126
25 131
25 133
25 134
25 136
25 139
25 140
25 141
25 144
25 145
25 147
25 149
26 28
26 37
26 38
26 39
26 41
26 42
26 44
26 45
26 46
26 48
26 49
26 50
26 53
26 54
26 55
26 61
26 63
26 64
26 70
26 73
26 74
26 79
26 84
26 85
26 87
26 89
26 90
26 92
26 93
26 94
26 95
26 96
26 99
26 100
26 101
26 102
26 103
26 104
26 105
26 110
26 112
26 116
26 120
26 126
26 127
26 130
26 131
26 132
26 133
26 134
26 137
26 138
26 139
26 141
26 149
27 29
27 30
27 37
27 39
27 42
27 43
27 44
27 48
27 49
27 50
27 51
27 53
27 54
27 57
27 58
27 61
27 62
27 65
27 66
27 70
27 71
27 74
27 75
27 78
27 79
27 80
27 81
27 82
27 84
27 86
27 87
27 88
27 90
27 91
27 94
27 95
27 96
27 99
27 101
27 102
27 104
27 107
27 110
27 112
27 113
27 114
27 115
27 116
27 118
27 120
27 123
27 126
27 128
27 130
27 131
27 132
27 133
27 134
27 135
27 136
27 137
27 139
27 140
27 142
27 145
27 146
27 147
27 148
27 149
28 29
28 30
28 32
28 33
28 35
28 37
28 39
28 40
28 43
28 45
28 49
28 52
28 53
28 55
28 56
28 57
28 58
28 59
28 61
28 63
28 64
28 65
28 66
28 67
28 68
28 74
28 76
28 82
28 85
28 88
28 92
28 95
28 101
28 102
28 103
28 104
28 106
28 107
28 112
28 113
28 114
28 115
28 117
28 118
28 120
28 123
28 124
28 126
28 127
28 128
28 130
28 132
28 133
28 135
28 136
28 137
28 141
28 142
28 144
28 145
28 146
28 147
28 149
29 30
29 31
29 32
29 34
29 37
29 39
29 40
29 41
29 49
29 50
29 51
29 53
29 54
29 56
29 61
29 63
29 64
29 66
29 68
29 70
29 71
29 72
29 74
29 75
29 76
29 77
29 79
29 80
29 82
29 83
29 89
29 90
29 91
29 92
29 93
29 94
29 97
29 98
29 99
29 101
29 104
29 109
29 111
29 112
29 113
29 116
29 118
29 122
29 124
29 126
29 131
29 132
29 133
29 135
29 136
29 138
29 139
29 140
29 141
29 143
29 144
29 147
30 31
30 32
30 33
30 34
30 35
30 38
30 39
30 40
30 43
30 46
30 47
30 48
30 50
30 54
30 55
30 57
30 59
30 65
30 66
30 67
30 71
30 74
30 75
30 76
30 78
30 82
30 83
30 84
30 85
30 92
30 93
30 95
30 96
30 97
30 99
30 101
30 102
30 103
30 105
30 109
30 110
30 111
30 113
30 115
30 116
30 117
30 119
30 120
30 121
30 123
30 124
30 125
30 126
30 127
30 128
30 129
30 130
30 131
30 132
30 140
30 143
30 148
31 32
31 33
31 42
31 43
31 44
31 45
31 50
31 55
31 56
31 57
31 63
31 65
31 66
31 71
31 73
31 74
31 75
31 76
31 78
31 79
31 81
31 84
31 88
31 89
31 90
31 94
31 95
31 98
31 100
31 101
31 103
31 105
31 107
31 108
31 110
31 112
31 116
31 117
31 119
31 120
31 122
31 123
31 126
31 127
31 128
31 129
31 133
31 137
31 139
31 141
31 143
31 145
31 146
31 147
31 148
31 149
32 33
32 34
32 36
32 37
32 39
32 42
32 43
32 45
32 49
32 50
32 52
32 53
32 57
32 58
32 59
32 60
32 61
32 63
32 70
32 72
32 73
32 75
32 77
32 80
32 81
32 82
32 85
32 87
32 91
32 92
32 94
32 95
32 97
32 100
32 101
32 103
32 104
32 105
32 108
32 109
32 110
32 111
32 113
32 119
32 120
32 122
32 126
32 127
32 129
32 133
32 134
32 135
32 136
32 138
32 139
32 140
32 142
32 143
32 144
32 146
32 148
32 149
33 35
33 37
33 38
33 40
33 42
33 45
33 46
33 47
33 48
33 49
33 50
33 52
33 53
33 54
33 56
33 59
33 60
33 61
33 62
33 70
33 73
33 74
33 75
33 76
33 77
33 80
33 82
33 83
33 84
33 86
33 90
33 91
33 92
33 93
33 96
33 98
33 99
33 100
33 102
33 107
33 111
33 113
33 117
33 118
33 120
33 122
33 123
33 124
33 125
33 126
33 128
33 129
33 131
33 132
33 133
33 134
33 135
33 137
33 139
33 140
33 141
33 142
33 144
33 147
33 148
33 149
34 35
34 36
34 37
34 38
34 39
34 41
34 42
34 46
34 47
34 49
34 52
34 56
34 57
34 58
34 59
34 62
34 63
34 64
34 66
34 68
34 69
34 70
34 72
34 77
34 78
34 79
34 82
34 86
34 94
34 99
34 101
34 102
34 106
34 107
34 110
34 112
34 113
34 114
34 115
34 116
34 117
34 118
34 121
34 123
34 124
34 126
34 130
34 131
34 132
34 136
34 140
34 143
34 144
34 145
34 147
34 148
34 149
35 36
35 38
35 40
35 42
35 43
35 44
35 51
35 52
35 55
35 59
35 60
35 62
35 66
35 68
35 71
35 72
35 73
35 75
35 80
35 82
35 83
35 84
35 87
35 88
35 89
35 94
35 95
35 96
35 98
35 101
35 102
35 109
35 112
35 115
35 117
35 118
35 123
35 124
35 125
35 126
35 131
35 132
35 133
35 135
35 136
35 140
35 141
35 142
35 144
35 145
35 147
35 148
36 37
36 40
36 46
36 47
36 49
36 52
36 53
36 54
36 56
36 57
36 64
36 65
36 69
36 70
36 71
36 72
36 79
36 80
36 82
36 86
36 87
36 89
36 94
36 98
36 99
36 100
36 102
36 103
36 104
36 106
36 107
36 108
36 110
36 113
36 115
36 116
36 117
36 118
36 120
36 122
36 124
36 129
36 130
36 131
36 133
36 141
36 142
36 145
36 147
36 148
36 149
37 40
37 41
37 47
37 50
37 51
37 53
37 54
37 58
37 62
37 65
37 68
37 69
37 70
37 71
37 72
37 73
37 74
37 76
37 82
37 83
37 89
37 90
37 91
37 93
37 94
37 96
37 97
37 100
37 101
37 103
37 105
37 107
37 108
37 110
37 113
37 114
37 118
37 119
37 120
37 121
37 123
37 124
37 125
37 128
37 130
37 131
37 132
37 133
37 134
37 135
37 140
37 141
37 142
37 143
37 144
37 146
37 147
37 148
38 39
38 40
38 42
38 44
38 45
38 46
38 47
38 49
38 50
38 51
38 52
38 53
38 56
38 58
38 59
38 61
38 62
38 65
38 66
38 70
38 77
38 78
38 81
38 82
38 83
38 84
38 85
38 88
38 89
38 90
38 94
38 95
38 96
38 100
38 104
38 106
38 107
38 109
38 110
38 111
38 113
38 115
38 116
38 118
38 120
38 121
38 123
38 126
38 128
38 129
38 130
38 131
38 133
38 139
38 140
38 142
38 143
38 145
38 147
39 40
39 42
39 43
39 44
39 46
39 49
39 50
39 54
39 60
39 66
39 69
39 71
39 73
39 74
39 75
39 77
39 78
39 83
39 86
39 88
39 89
39 90
39 93
39 94
39 95
39 96
39 97
39 99
39 100
39 101
39 103
39 104
39 106
39 108
39 109
39 110
39 112
39 114
39 115
39 117
39 119
39 122
39 126
39 127
39 128
39 129
39 130
39 131
39 132
39 133
39 135
39 138
39 139
39 140
39 141
39 142
39 143
39 145
39 148
40 44
40 46
40 49
40 51
40 57
40 58
40 59
40 62
40 63
40 64
40 65
40 70
40 71
40 73
40 76
40 77
40 78
40 81
40 84
40 85
40 88
40 89
40 90
40 91
40 94
40 95
40 99
40 100
40 102
40 103
40 106
40 108
40 111
40 113
40 114
40 116
40 117
40 118
40 122
40 126
40 127
40 129
40 130
40 131
40 138
40 139
40 142
40 146
40 148
41 44
41 45
41 48
41 49
41 53
41 55
41 56
41 57
41 58
41 59
41 63
41 65
41 71
41 73
41 74
41 75
41 76
41 77
41 79
41 81
41 82
41 83
41 84
41 90
41 91
41 93
41 96
41 97
41 98
41 103
41 104
41 108
41 110
41 111
41 112
41 117
41 118
41 119
41 120
41 124
41 128
41 129
41 130
41 131
41 133
41 134
41 135
41 138
41 140
41 141
41 143
41 145
41 147
41 148
42 45
42 46
42 48
42 49
42 50
42 51
42 52
42 54
42 56
42 57
42 58
42 59
42 60
42 61
42 62
42 64
42 66
42 68
42 69
42 70
42 71
42 76
42 77
42 79
42 80
42 81
42 82
42 83
42 84
42 87
42 88
42 89
42 92
42 94
42 95
42 99
42 101
42 105
42 107
42 108
42 109
42 111
42 112
42 113
42 114
42 119
42 121
42 125
42 126
42 130
42 132
42 133
42 136
42 139
42 142
42 145
42 146
42 147
42 148
42 149
43 53
43 56
43 59
43 60
43 61
43 62
43 65
43 66
43 68
43 69
43 70
43 74
43 76
43 80
43 82
43 83
43 84
43 88
43 91
43 93
43 94
43 95
43 96
43 98
43 100
43 101
43 103
43 104
43 105
43 106
43 108
43 111
43 112
43 122
43 123
43 126
43 131
43 132
43 136
43 138
43 139
43 140
43 142
43 143
43 145
43 149
44 45
44 48
44 49
44 51
44 52
44 53
44 54
44 56
44 57
44 58
44 60
44 65
44 67
44 69
44 71
44 73
44 75
44 78
44 80
44 87
44 88
44 89
44 96
44 97
44 98
44 99
44 103
44 104
44 106
44 107
44 108
44 112
44 113
44 120
44 122
44 124
44 125
44 128
44 131
44 135
44 139
44 141
44 142
44 143
44 147
44 148
44 149
45 47
45 50
45 52
45 53
45 54
45 55
45 57
45 60
45 66
45 70
45 71
45 72
45 74
45 77
45 79
45 85
45 86
45 90
45 91
45 92
45 98
45 100
45 101
45 102
45 105
45 107
45 108
45 111
45 112
45 114
45 117
45 121
45 123
45 124
45 125
45 126
45 130
45 134
45 135
45 136
45 138
45 139
45 140
45 141
45 142
45 143
45 144
45 146
45 147
45 149
46 47
46 48
46 49
46 50
46 51
46 53
46 55
46 56
46 57
46 58
46 59
46 62
46 64
46 65
46 68
46 73
46 76
46 77
46 78
46 80
46 83
46 85
46 86
46 87
46 90
46 91
46 92
46 94
46 96
46 99
46 100
46 102
46 104
46 105
46 107
46 110
46 111
46 115
46 116
46 117
46 118
46 119
46 120
46 121
46 122
46 123
46 124
46 125
46 129
46 130
46 131
46 132
46 133
46 135
46 136
46 138
46 139
46 144
46 145
46 147
47 49
47 52
47 54
47 55
47 56
47 57
47 58
47 59
47 60
47 63
47 67
47 68
47 71
47 72
47 74
47 75
47 76
47 79
47 82
47 84
47 85
47 88
47 89
47 90
47 92
47 95
47 98
47 99
47 100
47 102
47 106
47 109
47 110
47 111
47 112
47 114
47 117
47 118
47 119
47 123
47 125
47 127
47 128
47 129
47 132
47 133
47 134
47 136
47 137
47 141
47 142
47 143
47 144
47 145
47 146
47 147
48 49
48 50
48 53
48 56
48 57
48 58
48 60
48 64
48 65
48 67
48 68
48 70
48 73
48 74
48 76
48 82
48 94
48 96
48 97
48 99
48 107
48 111
48 116
48 117
48 118
48 120
48 123
48 124
48 125
48 126
48 132
48 133
48 135
48 136
48 137
48 138
48 140
48 141
48 144
48 146
48 147
48 149
49 51
49 54
49 55
49 56
49 57
49 60
49 61
49 64
49 65
49 67
49 68
49 69
49 70
49 72
49 75
49 78
49 80
49 81
49 82
49 83
49 84
49 85
49 88
49 90
49 92
49 93
49 96
49 97
49 99
49 100
49 103
49 104
49 105
49 107
49 109
49 110
49 115
49 118
49 124
49 125
49 126
49 127
49 132
49 137
49 138
49 144
49 145
49 146
49 147
49 148
49 149
50 55
50 59
50 60
50 61
50 62
50 65
50 66
50 67
50 69
50 70
50 72
50 73
50 75
50 78
50 79
50 81
50 86
50 89
50 90
50 92
50 94
50 95
50 96
50 97
50 99
50 100
50 102
50 103
50 107
50 108
50 113
50 114
50 117
50 118
50 119
50 120
50 122
50 123
50 125
50 126
50 127
50 128
50 130
50 132
50 134
50 136
50 137
50 138
50 140
50 142
50 143
50 145
50 148
51 52
51 53
51 54
51 55
51 57
51 62
51 63
51 64
51 65
51 67
51 73
51 74
51 79
51 81
51 85
51 87
51 88
51 89
51 90
51 91
51 92
51 93
51 95
51 96
51 99
51 100
51 102
51 103
51 104
51 105
51 107
51 108
51 110
51 113
51 114
51 115
51 117
51 118
51 122
51 126
51 129
51 131
51 132
51 133
51 136
51 138
51 140
51 143
51 144
51 145
51 149
52 53
52 55
52 57
52 58
52 63
52 64
52 67
52 71
52 73
52 74
52 75
52 78
52 79
52 84
52 86
52 88
52 89
52 91
52 93
52 94
52 99
52 100
52 106
52 108
52 109
52 110
52 112
52 113
52 115
52 116
52 118
52 121
52 122
52 123
52 125
52 129
52 130
52 131
52 132
52 134
52 135
52 136
52 142
52 144
52 145
52 146
52 148
53 54
53 60
53 62
53 69
53 76
53 77
53 79
53 81
53 82
53 87
53 91
53 92
53 93
53 98
53 101
53 103
53 106
53 108
53 111
53 112
53 114
53 115
53 116
53 119
53 122
53 123
53 126
53 128
53 129
53 133
53 134
53 136
53 138
53 140
53 141
53 145
53 146
53 147
53 149
54 56
54 57
54 58
54 61
54 62
54 65
54 66
54 67
54 69
54 70
54 71
54 72
54 73
54 74
54 76
54 78
54 84
54 88
54 89
54 93
54 97
54 99
54 100
54 102
54 103
54 104
54 105
54 106
54 108
54 110
54 112
54 113
54 115
54 118
54 120
54 126
54 127
54 128
54 129
54 132
54 134
54 135
54 136
54 139
54 140
54 142
54 146
54 147
55 57
55 58
55 59
55 62
55 64
55 68
55 69
55 71
55 72
55 73
55 74
55 75
55 76
55 78
55 79
55 80
55 82
55 83
55 88
55 89
55 90
55 92
55 93
55 95
55 98
55 100
55 104
55 105
55 107
55 112
55 113
55 114
55 117
55 121
55 122
55 124
55 126
55 127
55 128
55 129
55 130
55 133
55 139
55 140
55 141
55 142
55 143
55 144
56 57
56 58
56 62
56 63
56 64
56 65
56 67
56 70
56 71
56 74
56 76
56 77
56 78
56 79
56 86
56 87
56 89
56 91
56 93
56 96
56 100
56 103
56 109
56 113
56 114
56 115
56 119
56 121
56 122
56 123
56 125
56 132
56 133
56 136
56 137
56 140
56 141
56 142
56 143
56 144
56 145
56 146
56 147
56 149
57 58
57 59
57 60
57 61
57 66
57 67
57 68
57 69
57 70
57 71
57 72
57 73
57 75
57 76
57 80
57 81
57 82
57 85
57 86
57 87
57 89
57 99
57 100
57 101
57 102
57 103
57 105
57 110
57 113
57 116
57 117
57 119
57 121
57 122
57 123
57 128
57 130
57 134
57 135
57 140
57 142
57 145
57 146
57 147
58 59
58 61
58 62
58 64
58 65
58 66
58 67
58 68
58 72
58 73
58 75
58 79
58 80
58 83
58 84
58 86
58 90
58 91
58 94
58 95
58 96
58 98
58 100
58 102
58 104
58 106
58 108
58 109
58 110
58 112
58 115
58 118
58 119
58 120
58 122
58 123
58 126
58 127
58 130
58 131
58 132
58 134
58 137
58 138
58 140
58 144
58 145
58 146
58 147
59 60
59 63
59 65
59 66
59 70
59 75
59 77
59 80
59 81
59 82
59 83
59 85
59 88
59 89
59 93
59 96
59 99
59 100
59 102
59 104
59 108
59 109
59 110
59 111
59 114
59 116
59 119
59 120
59 123
59 124
59 126
59 127
59 128
59 130
59 131
59 133
59 134
59 136
59 137
59 138
59 142
59 147
59 148
59 149
60 61
60 62
60 63
60 64
60 66
60 67
60 68
60 71
60 76
60 77
60 78
60 79
60 80
60 81
60 83
60 85
60 87
60 90
60 91
60 93
60 94
60 99
60 100
60 101
60 105
60 108
60 109
60 110
60 111
60 116
60 123
60 124
60 127
60 130
60 131
60 135
60 136
60 137
60 139
60 143
60 145
60 147
60 149
61 62
61 64
61 65
61 68
61 71
61 72
61 74
61 75
61 77
61 78
61 80
61 81
61 82
61 83
61 86
61 88
61 89
61 91
61 92
61 93
61 94
61 96
61 99
61 100
61 101
61 102
61 106
61 108
61 109
61 113
61 114
61 117
61 118
61 119
61 120
61 128
61 133
61 136
61 137
61 138
61 144
61 148
62 67
62 70
62 73
62 75
62 78
62 79
62 81
62 82
62 83
62 86
62 88
62 89
62 93
62 94
62 95
62 96
62 97
62 98
62 101
62 102
62 104
62 106
62 107
62 109
62 110
62 113
62 115
62 118
62 119
62 120
62 122
62 124
62 125
62 130
62 131
62 132
62 133
62 136
62 141
62 142
62 143
62 145
63 64
63 65
63 73
63 74
63 75
63 76
63 77
63 78
63 80
63 84
63 85
63 86
63 89
63 90
63 91
63 92
63 94
63 96
63 98
63 99
63 101
63 103
63 111
63 112
63 113
63 117
63 118
63 119
63 121
63 122
63 124
63 127
63 131
63 132
63 133
63 134
63 140
63 142
63 145
63 148
63 149
64 65
64 69
64 71
64 73
64 75
64 78
64 79
64 80
64 82
64 85
64 88
64 92
64 94
64 95
64 98
64 99
64 100
64 105
64 106
64 108
64 110
64 112
64 114
64 115
64 116
64 117
64 119
64 120
64 121
64 122
64 126
64 128
64 130
64 131
64 132
64 135
64 143
64 144
64 145
64 147
64 148
65 70
65 74
65 79
65 80
65 82
65 85
65 86
65 88
65 89
65 91
65 93
65 96
65 99
65 101
65 103
65 104
65 105
65 108
65 110
65 111
65 112
65 113
65 114
65 115
65 116
65 117
65 118
65 121
65 122
65 124
65 125
65 127
65 135
65 137
65 138
65 141
65 144
65 145
65 149
66 69
66 71
66 73
66 74
66 75
66 78
66 79
66 80
66 82
66 85
66 86
66 89
66 90
66 93
66 94
66 100
66 101
66 104
66 105
66 107
66 108
66 113
66 118
66 120
66 122
66 124
66 126
66 128
66 131
66 133
66 135
66 138
66 139
66 140
66 142
66 143
66 144
66 146
66 148
67 69
67 71
67 74
67 75
67 80
67 83
67 84
67 87
67 89
67 90
67 94
67 100
67 101
67 104
67 105
67 110
67 112
67 113
67 114
67 115
67 116
67 120
67 121
67 122
67 123
67 124
67 126
67 127
67 129
67 132
67 133
67 134
67 136
67 138
67 139
67 142
67 143
67 147
67 148
68 69
68 70
68 71
68 74
68 75
68 81
68 84
68 85
68 86
68 87
68 90
68 91
68 92
68 93
68 95
68 98
68 102
68 103
68 104
68 105
68 109
68 110
68 113
68 116
68 118
68 119
68 124
68 125
68 127
68 128
68 129
68 133
68 134
68 138
68 139
68 142
68 143
68 144
69 70
69 71
69 75
69 76
69 79
69 80
69 82
69 83
69 86
69 87
69 91
69 92
69 95
69 97
69 98
69 99
69 101
69 106
69 108
69 109
69 110
69 111
69 112
69 113
69 114
69 115
69 118
69 119
69 122
69 125
69 128
69 129
69 130
69 133
69 136
69 139
69 140
69 144
69 147
69 148
69 149
70 71
70 74
70 76
70 82
70 83
70 86
70 88
70 89
70 90
70 92
70 94
70 95
70 96
70 98
70 99
70 102
70 105
70 106
70 107
70 109
70 110
70 111
70 116
70 120
70 121
70 122
70 127
70 131
70 132
70 133
70 134
70 135
70 136
70 137
70 138
70 139
70 140
70 141
70 142
70 143
70 145
70 149
71 75
71 76
71 77
71 78
71 79
71 80
71 81
71 83
71 84
71 92
71 93
71 94
71 95
71 96
71 97
71 99
71 100
71 104
71 105
71 108
71 111
71 112
71 113
71 115
71 116
71 119
71 121
71 122
71 123
71 129
71 134
71 137
71 138
71 139
71 141
71 143
71 149
72 75
72 76
72 77
72 79
72 80
72 84
72 85
72 87
72 88
72 89
72 90
72 97
72 99
72 100
72 104
72 110
72 111
72 117
72 120
72 121
72 123
72 124
72 125
72 128
72 129
72 130
72 132
72 134
72 136
72 137
72 140
72 143
72 144
72 148
72 149
73 75
73 76
73 77
73 82
73 84
73 89
73 93
73 96
73 97
73 100
73 102
73 103
73 104
73 106
73 107
73 108
73 109
73 114
73 115
73 116
73 118
73 120
73 121
73 123
73 126
73 127
73 128
73 129
73 131
73 132
73 133
73 134
73 138
73 140
73 141
73 143
73 145
73 146
73 147
74 76
74 79
74 80
74 81
74 82
74 83
74 86
74 87
74 88
74 89
74 93
74 94
74 96
74 97
74 98
74 99
74 101
74 103
74 105
74 107
74 111
74 114
74 116
74 119
74 120
74 123
74 124
74 125
74 128
74 129
74 132
74 135
74 137
74 139
74 143
74 145
74 146
74 147
74 148
75 79
75 80
75 82
75 83
75 86
75 87
75 89
75 92
75 95
75 96
75 97
75 101
75 110
75 112
75 115
75 118
75 122
75 128
75 130
75 131
75 134
75 139
75 141
75 143
75 144
75 148
76 77
76 78
76 81
76 83
76 84
76 85
76 88
76 92
76 93
76 94
76 97
76 98
76 99
76 101
76 102
76 103
76 104
76 105
76 106
76 107
76 108
76 110
76 111
76 112
76 114
76 119
76 120
76 121
76 124
76 125
76 126
76 130
76 131
76 133
76 136
76 140
76 142
76 143
76 144
76 148
76 149
77 78
77 80
77 82
77 85
77 88
77 90
77 91
77 92
77 95
77 97
77 98
77 99
77 100
77 101
77 102
77 104
77 106
77 107
77 109
77 111
77 114
77 116
77 117
77 118
77 119
77 120
77 121
77 122
77 123
77 126
77 131
77 132
77 133
77 135
77 137
77 139
77 140
77 146
77 149
78 79
78 80
78 82
78 86
78 87
78 88
78 90
78 91
78 92
78 93
78 96
78 98
78 99
78 108
78 109
78 110
78 111
78 113
78 114
78 117
78 119
78 120
78 121
78 122
78 125
78 126
78 131
78 136
78 137
78 138
78 140
78 142
78 144
78 145
78 149
79 80
79 82
79 84
79 88
79 90
79 94
79 95
79 97
79 100
79 102
79 103
79 104
79 105
79 106
79 107
79 108
79 110
79 114
79 115
79 117
79 118
79 119
79 120
79 122
79 123
79 125
79 127
79 128
79 129
79 130
79 134
79 135
79 139
79 140
79 141
79 142
79 145
79 147
79 148
79 149
80 83
80 85
80 86
80 87
80 88
80 89
80 92
80 93
80 98
80 101
80 102
80 104
80 105
80 106
80 110
80 111
80 112
80 114
80 115
80 117
80 119
80 120
80 121
80 124
80 125
80 126
80 128
80 130
80 131
80 133
80 134
80 137
80 138
80 139
80 142
80 145
80 147
81 82
81 83
81 84
81 86
81 88
81 90
81 91
81 93
81 94
81 95
81 97
81 100
81 102
81 105
81 108
81 110
81 111
81 114
81 117
81 118
81 121
81 123
81 124
81 127
81 130
81 131
81 132
81 133
81 134
81 135
81 139
81 140
81 142
81 147
82 84
82 89
82 90
82 91
82 93
82 94
82 99
82 100
82 104
82 105
82 106
82 111
82 112
82 113
82 116
82 120
82 121
82 123
82 125
82 127
82 129
82 130
82 131
82 135
82 137
82 138
82 142
82 145
83 86
83 88
83 90
83 92
83 97
83 98
83 100
83 103
83 104
83 107
83 112
83 114
83 115
83 117
83 120
83 121
83 123
83 125
83 126
83 127
83 128
83 129
83 132
83 134
83 137
83 141
83 142
83 143
83 144
84 85
84 88
84 89
84 90
84 92
84 95
84 96
84 97
84 98
84 99
84 102
84 104
84 106
84 107
84 109
84 110
84 112
84 115
84 116
84 122
84 123
84 124
84 125
84 126
84 128
84 129
84 132
84 137
84 138
84 144
84 145
84 147
84 149
85 87
85 89
85 90
85 91
85 93
85 94
85 95
85 99
85 102
85 103
85 105
85 108
85 109
85 111
85 112
85 114
85 115
85 116
85 117
85 118
85 119
85 120
85 121
85 123
85 124
85 125
85 126
85 129
85 131
85 132
85 133
85 134
85 136
85 137
85 138
85 139
85 140
85 141
85 144
85 145
86 88
86 89
86 92
86 93
86 95
86 96
86 98
86 106
86 107
86 108
86 110
86 111
86 112
86 113
86 115
86 117
86 118
86 120
86 122
86 126
86 128
86 132
86 133
86 134
86 135
86 141
86 145
86 146
86 148
86 149
87 95
87 98
87 100
87 101
87 102
87 103
87 104
87 105
87 106
87 109
87 111
87 112
87 115
87 118
87 119
87 121
87 123
87 124
87 125
87 126
87 127
87 132
87 135
87 136
87 138
87 140
87 143
87 144
87 149
88 89
88 90
88 91
88 93
88 94
88 95
88 97
88 98
88 102
88 103
88 104
88 108
88 110
88 118
88 119
88 120
88 124
88 125
88 126
88 127
88 129
88 130
88 131
88 132
88 133
88 137
88 138
88 142
88 143
88 144
88 146
88 147
88 149
89 91
89 92
89 95
89 99
89 104
89 105
89 107
89 108
89 109
89 112
89 113
89 114
89 115
89 116
89 120
89 121
89 122
89 125
89 127
89 129
89 131
89 135
89 136
89 138
89 139
89 140
89 142
89 144
89 146
89 147
89 148
89 149
90 91
90 92
90 93
90 95
90 101
90 102
90 103
90 105
90 107
90 110
90 111
90 113
90 114
90 117
90 120
90 121
90 123
90 124
90 125
90 126
90 127
90 131
90 134
90 135
90 136
90 137
90 143
90 144
90 146
90 148
90 149
91 92
91 93
91 94
91 97
91 100
91 102
91 106
91 107
91 108
91 109
91 112
91 114
91 116
91 117
91 118
91 120
91 122
91 123
91 125
91 129
91 131
91 134
91 137
91 141
91 143
91 144
91 148
91 149
92 93
92 94
92 95
92 96
92 97
92 98
92 100
92 104
92 106
92 107
92 108
92 111
92 114
92 116
92 118
92 119
92 120
92 123
92 124
92 125
92 126
92 128
92 129
92 130
92 137
92 138
92 139
92 140
92 148
92 149
93 94
93 95
93 96
93 97
93 98
93 100
93 103
93 104
93 108
93 116
93 118
93 120
93 123
93 125
93 127
93 128
93 130
93 132
93 133
93 134
93 136
93 137
93 138
93 140
93 142
93 144
93 148
94 95
94 97
94 99
94 100
94 106
94 107
94 110
94 111
94 114
94 118
94 120
94 123
94 124
94 125
94 126
94 127
94 128
94 130
94 131
94 132
94 134
94 139
94 140
94 142
94 143
94 144
94 145
94 148
94 149
95 98
95 101
95 102
95 104
95 105
95 109
95 110
95 114
95 115
95 116
95 117
95 118
95 119
95 120
95 121
95 124
95 125
95 126
95 127
95 128
95 129
95 131
95 138
95 141
95 142
95 145
95 146
95 149
96 102
96 104
96 105
96 108
96 110
96 111
96 113
96 115
96 116
96 117
96 118
96 119
96 122
96 123
96 125
96 127
96 128
96 130
96 131
96 132
96 135
96 137
96 142
96 146
96 147
96 148
96 149
97 101
97 103
97 104
97 106
97 107
97 112
97 114
97 115
97 116
97 118
97 121
97 124
97 125
97 126
97 127
97 131
97 133
97 135
97 137
97 138
97 139
97 140
97 141
97 145
97 146
97 149
98 99
98 103
98 105
98 107
98 108
98 110
98 111
98 112
98 113
98 114
98 115
98 116
98 117
98 118
98 120
98 121
98 127
98 129
98 130
98 132
98 133
98 137
98 138
98 139
98 143
98 147
98 148
99 100
99 102
99 103
99 106
99 108
99 110
99 111
99 113
99 114
99 116
99 119
99 120
99 123
99 125
99 126
99 129
99 134
99 135
99 138
99 139
99 142
99 143
99 146
99 148
100 102
100 103
100 104
100 105
100 107
100 112
100 115
100 116
100 118
100 119
100 123
100 124
100 128
100 130
100 131
100 132
100 134
100 136
100 141
100 144
100 145
100 146
100 148
100 149
101 102
101 105
101 106
101 107
101 110
101 111
101 114
101 115
101 116
101 117
101 119
101 120
101 122
101 124
101 125
101 128
101 129
101 131
101 132
101 137
101 141
101 144
101 146
101 148
102 103
102 104
102 108
102 112
102 114
102 115
102 117
102 121
102 122
102 123
102 124
102 125
102 126
102 127
102 128
102 133
102 134
102 138
102 139
102 140
102 141
102 142
102 143
102 144
102 145
102 149
103 107
103 109
103 110
103 112
103 113
103 114
103 115
103 117
103 119
103 120
103 123
103 124
103 125
103 128
103 130
103 131
103 132
103 133
103 134
103 136
103 137
103 141
103 142
103 146
103 148
103 149
104 107
104 108
104 109
104 112
104 113
104 121
104 123
104 124
104 128
104 129
104 132
104 135
104 136
104 140
104 141
104 142
104 143
104 144
105 110
105 111
105 113
105 115
105 116
105 118
105 120
105 121
105 124
105 127
105 131
105 132
105 133
105 139
105 140
105 141
105 143
105 144
105 146
105 148
106 107
106 111
106 112
106 113
106 115
106 118
106 120
106 128
106 129
106 132
106 133
106 135
106 137
106 138
106 139
106 140
106 142
106 144
106 145
106 149
107 110
107 111
107 112
107 113
107 115
107 116
107 128
107 131
107 132
107 133
107 134
107 136
107 137
107 138
107 139
107 140
107 142
107 145
107 146
107 148
108 109
108 110
108 111
108 114
108 115
108 116
108 117
108 118
108 119
108 122
108 123
108 124
108 127
108 128
108 131
108 133
108 134
108 135
108 137
108 140
108 144
108 147
108 148
108 149
109 111
109 113
109 114
109 115
109 116
109 117
109 119
109 125
109 126
109 129
109 132
109 133
109 135
109 139
109 143
109 144
109 146
109 147
110 117
110 119
110 123
110 124
110 125
110 131
110 137
110 141
110 145
110 149
111 112
111 117
111 122
111 123
111 125
111 126
111 128
111 130
111 133
111 134
111 135
111 136
111 137
111 140
111 142
111 143
111 146
111 147
111 286
112 114
112 115
112 119
112 120
112 121
112 122
112 124
112 130
112 133
112 134
112 135
112 136
112 137
112 142
112 144
112 145
112 146
112 147
112 149
113 115
113 116
113 117
113 118
113 123
113 124
113 125
113 126
113 128
113 129
113 132
113 133
113 136
113 137
113 140
113 141
113 144
113 145
114 115
114 116
114 121
114 122
114 127
114 133
114 134
114 135
114 142
114 144
114 145
114 148
115 118
115 119
115 120
115 121
115 122
115 126
115 128
115 130
115 131
115 132
115 133
115 135
115 137
115 138
115 139
115 142
115 144
115 146
115 147
115 149
116 117
116 118
116 121
116 122
116 125
116 126
116 127
116 128
116 131
116 139
116 141
116 143
116 144
116 145
116 148
117 124
117 125
117 126
117 128
117 131
117 133
117 134
117 136
117 139
117 144
117 146
117 149
118 119
118 120
118 123
118 124
118 126
118 128
118 131
118 132
118 134
118 135
118 139
118 140
118 143
118 144
118 146
118 148
118 149
119 120
119 121
119 122
119 123
119 126
119 132
119 134
119 137
119 138
119 140
119 141
119 142
119 143
119 145
119 146
119 148
119 149
120 121
120 123
120 125
120 126
120 128
120 130
120 131
120 134
120 135
120 136
120 141
120 144
120 145
120 146
120 147
120 148
121 122
121 123
121 124
121 127
121 129
121 131
121 133
121 134
121 136
121 139
121 142
121 144
121 145
121 146
121 148
122 123
122 124
122 126
122 127
122 128
122 129
122 130
122 131
122 132
122 133
122 134
122 135
122 137
122 138
122 140
122 142
122 145
122 146
122 147
122 148
123 125
123 128
123 129
123 130
123 131
123 135
123 136
123 138
123 141
123 146
123 147
124 125
124 126
124 127
124 128
124 131
124 135
124 136
124 139
124 141
124 142
124 143
124 144
124 145
124 147
124 148
124 149
125 132
125 137
125 140
125 141
125 144
125 146
125 147
125 148
125 149
126 127
126 128
126 131
126 132
126 139
126 143
126 145
127 128
127 130
127 131
127 132
127 134
127 137
127 138
127 142
127 148
127 149
128 129
128 130
128 132
128 133
128 136
128 137
128 138
128 139
128 140
128 141
128 143
128 144
128 147
128 148
128 149
129 130
129 135
129 137
129 138
129 140
129 142
129 143
129 147
129 149
130 131
130 132
130 134
130 135
130 136
130 137
130 143
130 144
130 145
130 146
130 147
130 148
131 134
131 136
131 140
131 142
131 143
131 147
131 148
132 133
132 135
132 136
132 137
132 139
132 140
132 141
132 146
132 147
132 148
132 149
133 139
133 143
133 144
133 147
133 149
134 141
134 143
134 144
134 146
134 148
135 136
135 137
135 138
135 142
135 144
135 146
135 147
136 137
136 138
136 139
136 142
136 143
136 146
136 149
137 138
137 141
137 142
137 144
137 147
138 139
138 141
138 143
138 144
138 145
138 146
138 149
138 282
139 140
139 142
139 146
139 147
140 141
140 144
140 146
140 149
141 142
141 143
141 144
141 146
141 147
141 149
142 145
143 144
143 146
143 148
145 146
145 147
146 147
146 148
146 149
150 151
150 152
150 153
150 154
150 155
150 156
150 159
150 160
150 162
150 164
150 167
150 170
150 175
150 179
150 181
150 183
150 184
150 187
150 188
150 190
150 191
150 192
150 193
150 194
150 200
150 203
150 207
150 212
150 213
150 214
150 218
150 225
150 226
150 230
150 231
150 232
150 234
150 235
150 238
150 246
150 249
150 250
150 253
150 256
150 257
150 258
150 260
150 263
150 264
150 265
150 266
150 267
150 268
150 270
150 273
150 275
150 276
150 277
150 279
150 281
150 284
150 285
150 287
150 289
150 294
150 295
150 297
151 153
151 155
151 156
151 157
151 158
151 159
151 161
151 162
151 164
151 167
151 168
151 170
151 171
151 176
151 178
151 179
151 182
151 185
151 187
151 189
151 191
151 192
151 194
151 197
151 198
151 202
151 205
151 210
151 211
151 212
151 213
151 216
151 220
151 223
151 225
151 227
151 228
151 229
151 230
151 231
151 233
151 234
151 235
151 237
151 239
151 241
151 242
151 245
151 247
151 249
151 251
151 253
151 257
151 263
151 264
151 266
151 267
151 269
151 271
151 273
151 276
151 279
151 280
151 281
151 283
151 285
151 286
151 287
151 290
151 292
151 294
151 297
151 298
151 299
152 154
152 156
152 158
152 159
152 160
152 165
152 166
152 173
152 175
152 178
152 179
152 181
152 182
152 183
152 190
152 192
152 195
152 196
152 198
152 199
152 200
152 201
152 205
152 206
152 207
152 208
152 209
152 210
152 211
152 213
152 214
152 215
152 216
152 219
152 222
152 225
152 231
152 232
152 234
152 235
152 238
152 242
152 243
152 245
152 247
152 250
152 251
152 254
152 255
152 260
152 261
152 267
152 268
152 269
152 270
152 271
152 272
152 273
152 274
152 275
152 276
152 277
152 278
152 280
152 281
152 282
152 285
152 287
152 288
152 289
152 291
152 292
152 293
152 294
152 298
152 299
153 155
153 157
153 160
153 163
153 167
153 168
153 169
153 170
153 173
153 174
153 175
153 176
153 177
153 178
153 179
153 183
153 185
153 186
153 193
153 195
153 196
153 197
153 198
153 199
153 202
153 203
153 204
153 209
153 210
153 211
153 215
153 216
153 217
153 220
153 223
153 224
153 226
153 227
153 229
153 231
153 233
153 234
153 235
153 236
153 239
153 241
153 242
153 243
153 246
153 248
153 249
153 254
153 257
153 258
153 259
153 262
153 264
153 265
153 266
153 269
153 270
153 271
153 272
153 275
153 280
153 285
153 286
153 287
153 291
153 292
153 298
153 299
154 157
154 158
154 159
154 161
154 162
154 163
154 164
154 165
154 168
154 171
154 172
154 173
154 177
154 180
154 181
154 183
154 184
154 186
154 187
154 192
154 193
154 197
154 198
154 205
154 209
154 210
154 214
154 216
154 218
154 221
154 224
154 225
154 230
154 232
154 235
154 236
154 241
154 242
154 243
154 245
154 250
154 251
154 252
154 254
154 256
154 257
154 259
154 264
154 265
154 269
154 271
154 275
154 276
154 278
154 279
154 281
154 285
154 287
154 288
154 289
154 294
154 295
154 296
155 161
155 165
155 168
155 169
155 170
155 174
155 175
155 178
155 179
155 181
155 182
155 183
155 184
155 185
155 187
155 188
155 191
155 194
155 195
155 201
155 206
155 207
155 209
155 211
155 212
155 214
155 215
155 218
155 219
155 220
155 221
155 222
155 223
155 224
155 225
155 229
155 230
155 231
155 238
155 243
155 245
155 246
155 247
155 250
155 251
155 252
155 259
155 268
155 269
155 270
155 271
155 277
155 278
155 280
155 283
155 284
155 285
155 287
155 288
155 291
155 292
155 294
155 295
155 297
155 298
155 299
156 158
156 159
156 161
156 165
156 166
156 167
156 169
156 170
156 171
156 177
156 180
156 182
156 185
156 186
156 187
156 191
156 192
156 193
156 197
156 198
156 199
156 200
156 203
156 206
156 208
156 209
156 213
156 215
156 217
156 218
156 220
156 223
156 224
156 225
156 227
156 229
156 230
156 231
156 234
156 236
156 240
156 241
156 246
156 247
156 248
156 250
156 251
156 253
156 254
156 255
156 257
156 258
156 265
156 266
156 269
156 271
156 273
156 274
156 275
156 276
156 277
156 278
156 279
156 283
156 285
156 286
156 287
156 290
156 293
156 294
156 296
156 298
157 160
157 163
157 164
157 165
157 166
157 167
157 168
157 170
157 172
157 173
157 176
157 180
157 181
157 182
157 183
157 184
157 186
157 187
157 191
157 195
157 196
157 199
157 200
157 203
157 205
157 208
157 210
157 211
157 213
157 215
157 218
157 220
157 221
157 224
157 225
157 226
157 228
157 231
157 233
157 234
157 235
157 236
157 237
157 240
157 241
157 243
157 244
157 245
157 247
157 250
157 251
157 254
157 258
157 261
157 266
157 268
157 273
157 275
157 278
157 279
157 281
157 282
157 283
157 284
157 285
157 286
157 287
157 288
157 292
157 293
157 294
157 295
157 296
158 159
158 162
158 163
158 165
158 171
158 174
158 175
158 176
158 178
158 180
158 181
158 182
158 183
158 184
158 185
158 187
158 189
158 190
158 193
158 195
158 197
158 199
158 200
158 203
158 207
158 210
158 211
158 212
158 213
158 214
158 217
158 218
158 220
158 223
158 226
158 228
158 230
158 231
158 233
158 234
158 237
158 239
158 243
158 247
158 248
158 250
158 254
158 256
158 258
158 259
158 260
158 267
158 268
158 269
158 272
158 274
158 277
158 278
158 282
158 283
158 284
158 287
158 289
158 290
158 293
158 294
158 296
158 297
158 298
158 299
159 161
159 162
159 163
159 164
159 166
159 167
159 169
159 170
159 172
159 173
159 178
159 179
159 180
159 181
159 182
159 185
159 186
159 193
159 194
159 197
159 199
159 200
159 201
159 204
159 206
159 208
159 213
159 214
159 215
159 216
159 222
159 225
159 228
159 229
159 231
159 234
159 236
159 238
159 239
159 240
159 241
159 244
159 246
159 248
159 250
159 252
159 254
159 258
159 260
159 262
159 264
159 265
159 269
159 272
159 274
159 276
159 277
159 279
159 280
159 284
159 285
159 289
159 290
159 292
159 293
159 295
159 296
159 297
159 298
159 299
160 161
160 164
160 166
160 167
160 169
160 170
160 175
160 178
160 179
160 180
160 181
160 182
160 184
160 185
160 186
160 188
160 192
160 193
160 194
160 195
160 196
160 198
160 199
160 201
160 207
160 208
160 209
160 210
160 216
160 218
160 221
160 225
160 227
160 228
160 231
160 232
160 233
160 238
160 239
160 240
160 243
160 248
160 249
160 252
160 253
160 254
160 256
160 259
160 260
160 261
160 263
160 264
160 265
160 268
160 269
160 271
160 273
160 275
160 278
160 280
160 281
160 282
160 286
160 287
160 290
160 291
160 292
160 293
160 296
160 297
160 298
161 163
161 164
161 165
161 166
161 167
161 168
161 170
161 176
161 178
161 179
161 182
161 183
161 184
161 187
161 190
161 191
161 192
161 194
161 196
161 197
161 199
161 200
161 202
161 204
161 208
161 211
161 213
161 218
161 219
161 220
161 221
161 222
161 225
161 226
161 230
161 231
161 232
161 233
161 235
161 240
161 244
161 245
161 247
161 251
161 252
161 260
161 264
161 265
161 267
161 269
161 270
161 272
161 273
161 275
161 276
161 277
161 278
161 280
161 282
161 284
161 286
161 288
161 289
161 291
161 293
161 294
161 295
161 296
161 297
161 299
162 166
162 169
162 171
162 172
162 174
162 175
162 176
162 177
162 180
162 185
162 187
162 188
162 190
162 191
162 192
162 194
162 195
162 198
162 199
162 200
162 202
162 204
162 206
162 213
162 214
162 215
162 216
162 217
162 219
162 223
162 224
162 227
162 228
162 229
162 230
162 232
162 235
162 242
162 243
162 245
162 247
162 248
162 249
162 250
162 252
162 253
162 256
162 257
162 258
162 259
162 261
162 262
162 266
162 267
162 268
162 270
162 272
162 274
162 275
162 278
162 280
162 281
162 284
162 286
162 291
162 294
162 295
162 297
162 299
163 167
163 170
163 173
163 176
163 177
163 178
163 179
163 180
163 181
163 183
163 185
163 186
163 189
163 190
163 198
163 201
163 203
163 206
163 208
163 210
163 211
163 212
163 213
163 216
163 219
163 222
163 224
163 227
163 229
163 232
163 234
163 235
163 236
163 238
163 240
163 241
163 245
163 246
163 250
163 251
163 253
163 255
163 261
163 269
163 271
163 272
163 274
163 275
163 276
163 277
163 279
163 280
163 283
163 284
163 288
163 290
163 291
163 295
163 297
163 298
164 168
164 169
164 170
164 171
164 172
164 175
164 176
164 177
164 178
164 179
164 181
164 183
164 186
164 191
164 192
164 195
164 196
164 197
164 201
164 202
164 203
164 204
164 205
164 207
164 210
164 212
164 214
164 215
164 216
164 220
164 221
164 223
164 225
164 230
164 231
164 233
164 234
164 236
164 237
164 241
164 242
164 244
164 245
164 250
164 254
164 257
164 259
164 264
164 265
164 266
164 267
164 270
164 273
164 276
164 277
164 281
164 282
164 284
164 287
164 290
164 293
164 295
164 299
165 166
165 167
165 168
165 170
165 173
165 174
165 176
165 178
165 179
165 180
165 183
165 184
165 185
165 190
165 191
165 192
165 194
165 195
165 197
165 198
165 202
165 203
165 205
165 206
165 207
165 212
165 213
165 214
165 215
165 216
165 218
165 221
165 223
165 224
165 225
165 228
165 229
165 233
165 234
165 239
165 241
165 244
165 247
165 248
165 250
165 251
165 254
165 256
165 258
165 263
165 272
165 273
165 274
165 275
165 276
165 277
165 280
165 283
165 284
165 285
165 286
165 287
165 289
165 290
165 292
165 296
165 297
165 298
165 299
166 167
166 168
166 169
166 172
166 173
166 178
166 179
166 180
166 183
166 185
166 189
166 191
166 193
166 194
166 197
166 198
166 200
166 203
166 209
166 212
166 215
166 216
166 218
166 220
166 222
166 225
166 227
166 228
166 231
166 232
166 233
166 234
166 235
166 236
166 237
166 239
166 240
166 241
166 242
166 244
166 248
166 251
166 253
166 256
166 257
166 258
166 259
166 260
166 262
166 265
166 266
166 267
166 268
166 271
166 272
166 273
166 279
166 280
166 282
166 284
166 285
166 290
166 292
166 293
166 294
166 295
166 299
167 168
167 169
167 173
167 174
167 175
167 180
167 182
167 183
167 184
167 185
167 186
167 187
167 189
167 195
167 196
167 197
167 198
167 200
167 202
167 204
167 205
167 207
167 209
167 212
167 213
167 214
167 215
167 218
167 219
167 220
167 222
167 224
167 230
167 232
167 234
167 239
167 240
167 243
167 244
167 253
167 257
167 259
167 260
167 261
167 263
167 265
167 267
167 272
167 273
167 274
167 275
167 278
167 279
167 280
167 284
167 285
167 287
167 289
167 290
167 292
167 293
167 295
167 296
167 297
167 298
168 171
168 172
168 175
168 176
168 178
168 180
168 182
168 183
168 185
168 189
168 192
168 196
168 200
168 203
168 204
168 205
168 206
168 207
168 208
168 211
168 212
168 213
168 216
168 220
168 222
168 223
168 225
168 226
168 227
168 228
168 229
168 232
168 233
168 236
168 237
168 242
168 243
168 246
168 247
168 249
168 251
168 256
168 258
168 260
168 263
168 265
168 266
168 267
168 269
168 272
168 274
168 275
168 277
168 278
168 281
168 282
168 283
168 284
168 286
168 287
168 289
168 295
168 298
168 299
169 170
169 171
169 172
169 174
169 175
169 176
169 178
169 179
169 183
169 186
169 189
169 191
169 193
169 195
169 196
169 203
169 204
169 205
169 206
169 208
169 209
169 210
169 211
169 213
169 215
169 216
169 217
169 219
169 220
169 221
169 223
169 224
169 229
169 230
169 234
169 237
169 243
169 244
169 245
169 247
169 251
169 252
169 254
169 255
169 257
169 258
169 259
169 262
169 263
169 264
169 265
169 266
169 268
169 270
169 271
169 274
169 276
169 279
169 282
169 284
169 286
169 287
169 288
169 290
169 291
169 292
169 296
169 298
169 299
170 171
170 172
170 173
170 176
170 177
170 179
170 181
170 184
170 185
170 189
170 191
170 193
170 194
170 196
170 198
170 199
170 200
170 202
170 204
170 205
170 207
170 208
170 211
170 212
170 213
170 214
170 215
170 216
170 217
170 218
170 221
170 222
170 223
170 224
170 225
170 226
170 227
170 228
170 229
170 230
170 231
170 232
170 236
170 238
170 240
170 242
170 243
170 244
170 245
170 246
170 249
170 251
170 252
170 255
170 256
170 257
170 258
170 264
170 265
170 266
170 268
170 269
170 270
170 274
170 275
170 279
170 284
170 286
170 287
170 289
170 292
170 294
170 295
170 297
170 299
171 172
171 174
171 175
171 176
171 178
171 180
171 183
171 186
171 190
171 192
171 193
171 195
171 197
171 199
171 202
171 203
171 204
171 205
171 206
171 207
171 209
171 210
171 211
171 212
171 213
171 215
171 218
171 219
171 221
171 222
171 223
171 224
171 227
171 230
171 231
171 233
171 234
171 239
171 241
171 242
171 243
171 244
171 245
171 247
171 251
171 252
171 254
171 256
171 260
171 262
171 263
171 264
171 268
171 270
171 273
171 274
171 276
171 277
171 281
171 283
171 284
171 285
171 287
171 288
171 291
171 293
171 294
171 297
171 298
172 178
172 180
172 181
172 182
172 187
172 188
172 189
172 190
172 191
172 192
172 195
172 198
172 199
172 201
172 202
172 203
172 205
172 206
172 207
172 208
172 210
172 211
172 212
172 213
172 215
172 216
172 217
172 220
172 224
172 225
172 227
172 228
172 229
172 231
172 233
172 235
172 240
172 242
172 244
172 245
172 247
172 250
172 251
172 252
172 254
172 256
172 259
172 261
172 264
172 265
172 267
172 271
172 272
172 276
172 279
172 281
172 282
172 283
172 285
172 287
172 289
172 297
172 299
173 174
173 175
173 176
173 177
173 178
173 182
173 185
173 186
173 187
173 188
173 190
173 193
173 195
173 197
173 200
173 204
173 205
173 208
173 209
173 211
173 212
173 213
173 215
173 217
173 220
173 221
173 224
173 225
173 228
173 230
173 233
173 236
173 237
173 238
173 239
173 241
173 242
173 243
173 244
173 246
173 248
173 249
173 251
173 252
173 253
173 254
173 255
173 256
173 260
173 261
173 265
173 272
173 273
173 276
173 277
173 281
173 282
173 283
173 284
173 288
173 293
173 295
173 296
173 298
173 299
174 176
174 177
174 178
174 179
174 181
174 183
174 184
174 188
174 190
174 191
174 194
174 198
174 203
174 206
174 207
174 211
174 214
174 216
174 218
174 220
174 221
174 224
174 226
174 228
174 230
174 236
174 238
174 239
174 241
174 242
174 243
174 245
174 246
174 247
174 248
174 249
174 255
174 257
174 259
174 260
174 261
174 263
174 266
174 267
174 268
174 269
174 271
174 273
174 274
174 276
174 278
174 280
174 282
174 285
174 287
174 289
174 290
174 291
174 292
174 293
174 295
175 178
175 179
175 184
175 186
175 187
175 188
175 192
175 194
175 196
175 197
175 199
175 200
175 201
175 204
175 209
175 210
175 211
175 213
175 214
175 218
175 219
175 221
175 226
175 227
175 230
175 232
175 234
175 235
175 236
175 238
175 239
175 240
175 241
175 242
175 245
175 246
175 249
175 251
175 252
175 254
175 255
175 256
175 257
175 260
175 262
175 265
175 266
175 268
175 270
175 273
175 274
175 275
175 276
175 277
175 278
175 279
175 287
175 288
175 291
175 293
175 299
176 178
176 180
176 183
176 185
176 186
176 188
176 189
176 190
176 192
176 193
176 194
176 195
176 196
176 197
176 198
176 201
176 205
176 206
176 210
176 213
176 215
176 220
176 223
176 224
176 230
176 232
176 234
176 235
176 239
176 240
176 242
176 243
176 244
176 248
176 251
176 253
176 256
176 258
176 261
176 262
176 263
176 264
176 267
176 268
176 273
176 275
176 277
176 279
176 280
176 285
176 286
176 287
176 290
176 291
176 292
176 294
176 296
176 297
176 298
177 179
177 180
177 182
177 183
177 185
177 191
177 192
177 193
177 194
177 195
177 197
177 199
177 200
177 201
177 202
177 206
177 207
177 209
177 212
177 213
177 214
177 216
177 217
177 227
177 229
177 230
177 231
177 233
177 239
177 240
177 245
177 247
177 251
177 255
177 257
177 259
177 261
177 264
177 265
177 266
177 268
177 269
177 271
177 275
177 278
177 279
177 280
177 281
177 289
177 292
177 294
177 295
177 298
177 299
178 179
178 182
178 183
178 186
178 187
178 188
178 194
178 195
178 196
178 199
178 200
178 203
178 204
178 205
178 206
178 207
178 212
178 214
178 215
178 217
178 218
178 219
178 220
178 224
178 226
178 228
178 229
178 235
178 236
178 239
178 240
178 241
178 242
178 243
178 244
178 247
178 249
178 252
178 255
178 256
178 262
178 263
178 264
178 266
178 269
178 271
178 274
178 278
178 280
178 282
178 283
178 284
178 285
178 289
178 290
178 291
178 292
178 297
178 298
178 299
179 180
179 181
179 183
179 185
179 188
179 190
179 191
179 192
179 194
179 198
179 200
179 201
179 204
179 205
179 206
179 210
179 211
179 212
179 215
179 218
179 219
179 222
179 223
179 225
179 226
179 227
179 229
179 232
179 234
179 236
179 239
179 241
179 242
179 244
179 245
179 246
179 247
179 253
179 255
179 261
179 262
179 263
179 264
179 267
179 268
179 270
179 271
179 272
179 273
179 274
179 276
179 277
179 278
179 279
179 281
179 282
179 283
179 285
179 287
179 289
179 290
179 292
179 295
179 297
179 298
179 299
180 181
180 182
180 184
180 185
180 187
180 190
180 191
180 192
180 194
180 196
180 197
180 199
180 200
180 202
180 203
180 204
180 207
180 209
180 212
180 215
180 216
180 217
180 222
180 223
180 225
180 226
180 227
180 228
180 232
180 233
180 234
180 235
180 236
180 243
180 244
180 247
180 248
180 251
180 252
180 254
180 256
180 259
180 260
180 261
180 262
180 263
180 267
180 268
180 275
180 278
180 279
180 281
180 283
180 284
180 286
180 288
180 291
180 293
180 294
180 298
180 299
181 183
181 186
181 187
181 189
181 192
181 193
181 194
181 195
181 196
181 197
181 202
181 207
181 209
181 211
181 212
181 213
181 214
181 215
181 217
181 220
181 224
181 225
181 228
181 229
181 230
181 231
181 233
181 235
181 236
181 237
181 238
181 239
181 240
181 241
181 242
181 243
181 245
181 246
181 247
181 248
181 249
181 250
181 251
181 255
181 264
181 266
181 270
181 274
181 275
181 276
181 277
181 278
181 283
181 286
181 288
181 289
181 290
181 291
181 292
181 294
181 295
181 297
181 298
181 299
182 185
182 192
182 194
182 198
182 204
182 207
182 209
182 210
182 211
182 216
182 219
182 222
182 223
182 224
182 225
182 229
182 234
182 236
182 237
182 239
182 241
182 242
182 243
182 244
182 245
182 247
182 249
182 251
182 252
182 255
182 257
182 258
182 259
182 260
182 263
182 264
182 269
182 273
182 275
182 276
182 277
182 278
182 279
182 280
182 281
182 284
182 285
182 287
182 288
182 289
182 290
182 291
182 292
182 293
182 295
182 297
183 184
183 185
183 186
183 189
183 191
183 193
183 195
183 196
183 200
183 201
183 202
183 203
183 207
183 209
183 212
183 215
183 216
183 217
183 218
183 220
183 221
183 222
183 223
183 226
183 228
183 231
183 233
183 234
183 238
183 239
183 241
183 242
183 243
183 245
183 246
183 247
183 249
183 250
183 251
183 252
183 253
183 256
183 257
183 258
183 259
183 260
183 261
183 263
183 264
183 265
183 267
183 268
183 269
183 274
183 275
183 276
183 278
183 279
183 280
183 281
183 282
183 284
183 286
183 288
183 291
183 292
183 297
183 299
184 185
184 188
184 190
184 192
184 193
184 195
184 196
184 197
184 199
184 201
184 206
184 208
184 213
184 215
184 216
184 217
184 219
184 222
184 223
184 229
184 230
184 231
184 233
184 234
184 236
184 237
184 239
184 244
184 245
184 248
184 251
184 252
184 254
184 255
184 256
184 257
184 261
184 262
184 263
184 267
184 270
184 275
184 276
184 278
184 279
184 280
184 284
184 285
184 288
184 289
184 294
185 186
185 187
185 188
185 189
185 191
185 195
185 197
185 200
185 203
185 205
185 207
185 212
185 213
185 214
185 215
185 216
185 217
185 221
185 224
185 225
185 226
185 229
185 234
185 235
185 236
185 238
185 240
185 242
185 244
185 245
185 246
185 247
185 250
185 252
185 253
185 254
185 255
185 257
185 259
185 260
185 262
185 264
185 265
185 269
185 270
185 271
185 272
185 275
185 278
185 280
185 281
185 283
185 285
185 287
185 289
185 292
185 295
185 297
185 298
186 188
186 190
186 193
186 196
186 200
186 202
186 203
186 207
186 210
186 212
186 217
186 218
186 221
186 223
186 227
186 229
186 235
186 237
186 240
186 241
186 242
186 243
186 244
186 248
186 250
186 251
186 252
186 253
186 258
186 261
186 262
186 263
186 264
186 266
186 268
186 270
186 271
186 272
186 273
186 275
186 276
186 277
186 285
186 286
186 290
186 291
186 292
186 294
186 296
186 297
186 299
187 189
187 190
187 191
187 192
187 194
187 198
187 199
187 200
187 201
187 205
187 209
187 211
187 213
187 214
187 216
187 217
187 218
187 221
187 222
187 225
187 227
187 228
187 229
187 231
187 232
187 234
187 235
187 236
187 237
187 241
187 242
187 246
187 248
187 251
187 253
187 254
187 257
187 259
187 261
187 264
187 265
187 268
187 270
187 271
187 272
187 273
187 275
187 277
187 278
187 279
187 280
187 283
187 285
187 286
187 290
187 291
187 292
187 294
188 190
188 191
188 192
188 193
188 195
188 196
188 197
188 203
188 207
188 208
188 209
188 215
188 216
188 220
188 221
188 224
188 225
188 226
188 227
188 228
188 229
188 230
188 231
188 232
188 233
188 235
188 236
188 237
188 238
188 241
188 242
188 245
188 247
188 251
188 254
188 257
188 259
188 261
188 264
188 265
188 266
188 267
188 269
188 270
188 272
188 276
188 279
188 280
188 282
188 283
188 284
188 288
188 291
188 292
188 297
188 298
188 299
189 190
189 191
189 194
189 195
189 196
189 197
189 198
189 203
189 206
189 208
189 210
189 211
189 213
189 214
189 219
189 220
189 223
189 225
189 226
189 227
189 232
189 233
189 237
189 238
189 240
189 241
189 242
189 243
189 246
189 250
189 252
189 253
189 254
189 255
189 257
189 258
189 261
189 262
189 263
189 264
189 266
189 267
189 270
189 271
189 272
189 273
189 274
189 279
189 280
189 281
189 285
189 287
189 289
189 290
189 291
189 292
189 294
189 297
189 299
190 193
190 194
190 195
190 197
190 198
190 199
190 200
190 202
190 203
190 208
190 210
190 217
190 221
190 222
190 223
190 224
190 226
190 229
190 233
190 237
190 240
190 241
190 242
190 244
190 245
190 247
190 248
190 249
190 250
190 256
190 258
190 260
190 262
190 265
190 268
190 270
190 272
190 273
190 274
190 276
190 278
190 280
190 281
190 284
190 286
190 291
190 294
191 195
191 197
191 198
191 200
191 201
191 202
191 203
191 204
191 208
191 209
191 214
191 216
191 220
191 221
191 224
191 226
191 229
191 231
191 233
191 234
191 235
191 237
191 238
191 240
191 241
191 242
191 243
191 248
191 250
191 251
191 254
191 255
191 261
191 262
191 263
191 264
191 266
191 267
191 269
191 270
191 271
191 273
191 275
191 276
191 281
191 282
191 285
191 287
191 290
191 291
191 292
191 295
191 298
192 196
192 197
192 201
192 202
192 205
192 206
192 208
192 211
192 213
192 219
192 220
192 221
192 224
192 226
192 228
192 233
192 236
192 238
192 239
192 240
192 242
192 243
192 244
192 250
192 252
192 254
192 255
192 256
192 259
192 260
192 268
192 269
192 272
192 275
192 276
192 277
192 278
192 283
192 285
192 286
192 290
192 291
192 294
192 299
193 194
193 199
193 200
193 201
193 202
193 203
193 205
193 209
193 210
193 212
193 215
193 218
193 220
193 221
193 222
193 223
193 225
193 227
193 228
193 229
193 230
193 233
193 236
193 237
193 238
193 240
193 242
193 246
193 247
193 251
193 253
193 258
193 259
193 261
193 266
193 267
193 268
193 274
193 276
193 278
193 279
193 281
193 283
193 284
193 285
193 286
193 287
193 289
193 290
193 291
193 295
193 297
193 298
193 299
194 195
194 196
194 197
194 205
194 207
194 209
194 210
194 214
194 216
194 217
194 218
194 222
194 226
194 227
194 229
194 230
194 233
194 236
194 237
194 238
194 239
194 241
194 245
194 246
194 247
194 248
194 250
194 253
194 255
194 259
194 261
194 264
194 266
194 268
194 269
194 272
194 274
194 275
194 277
194 284
194 285
194 286
194 287
194 288
194 289
194 291
194 294
194 297
194 298
195 200
195 201
195 202
195 205
195 211
195 214
195 215
195 218
195 219
195 221
195 222
195 223
195 224
195 228
195 230
195 231
195 234
195 235
195 236
195 237
195 242
195 245
195 246
195 248
195 249
195 250
195 251
195 253
195 254
195 259
195 262
195 263
195 266
195 267
195 268
195 270
195 271
195 274
195 276
195 279
195 280
195 281
195 283
195 285
195 295
195 298
196 200
196 201
196 203
196 205
196 208
196 210
196 214
196 215
196 217
196 219
196 220
196 221
196 222
196 223
196 224
196 226
196 227
196 228
196 229
196 230
196 232
196 234
196 237
196 238
196 240
196 241
196 243
196 244
196 246
196 251
196 254
196 257
196 262
196 265
196 268
196 269
196 278
196 279
196 281
196 283
196 285
196 286
196 288
196 289
196 294
196 297
196 298
196 299
197 202
197 204
197 206
197 208
197 209
197 210
197 212
197 213
197 215
197 216
197 221
197 222
197 227
197 230
197 231
197 233
197 235
197 236
197 239
197 242
197 244
197 245
197 246
197 247
197 248
197 253
197 254
197 255
197 259
197 260
197 262
197 264
197 266
197 268
197 269
197 270
197 271
197 272
197 273
197 276
197 279
197 282
197 283
197 285
197 286
197 289
197 290
197 291
197 294
197 297
197 298
198 201
198 202
198 203
198 206
198 207
198 209
198 211
198 212
198 213
198 214
198 215
198 216
198 217
198 218
198 220
198 221
198 223
198 229
198 230
198 236
198 238
198 240
198 242
198 243
198 244
198 245
198 250
198 253
198 254
198 256
198 258
198 259
198 260
198 261
198 264
198 265
198 267
198 269
198 270
198 271
198 272
198 273
198 274
198 276
198 277
198 284
198 285
198 286
198 289
198 292
198 295
198 296
198 297
199 200
199 201
199 202
199 204
199 205
199 208
199 210
199 211
199 212
199 215
199 216
199 225
199 226
199 232
199 234
199 235
199 237
199 238
199 239
199 240
199 241
199 242
199 244
199 245
199 246
199 249
199 252
199 254
199 256
199 258
199 259
199 261
199 264
199 265
199 267
199 268
199 269
199 270
199 273
199 276
199 277
199 280
199 282
199 283
199 294
199 296
199 299
200 201
200 202
200 204
200 206
200 207
200 208
200 210
200 211
200 212
200 213
200 214
200 216
200 219
200 220
200 222
200 224
200 226
200 228
200 229
200 232
200 233
200 238
200 239
200 241
200 244
200 245
200 246
200 248
200 249
200 250
200 251
200 254
200 256
200 258
200 260
200 262
200 263
200 264
200 266
200 269
200 272
200 279
200 281
200 284
200 285
200 286
200 287
200 289
200 290
200 292
200 295
200 296
200 297
200 298
200 299
201 203
201 205
201 207
201 208
201 210
201 212
201 215
201 219
201 221
201 223
201 224
201 225
201 226
201 227
201 230
201 231
201 232
201 233
201 235
201 236
201 238
201 240
201 241
201 242
201 243
201 244
201 245
201 251
201 252
201 253
201 259
201 262
201 264
201 267
201 268
201 273
201 274
201 275
201 276
201 280
201 282
201 284
201 286
201 287
201 288
201 290
201 292
201 294
201 297
201 299
202 205
202 207
202 210
202 216
202 224
202 225
202 226
202 227
202 228
202 229
202 230
202 231
202 232
202 233
202 234
202 235
202 241
202 243
202 245
202 246
202 247
202 250
202 252
202 253
202 255
202 257
202 258
202 259
202 261
202 262
202 265
202 267
202 268
202 269
202 270
202 271
202 273
202 277
202 278
202 282
202 283
202 285
202 289
202 290
202 291
202 292
202 294
202 295
203 207
203 208
203 209
203 210
203 214
203 215
203 221
203 223
203 227
203 230
203 233
203 234
203 237
203 238
203 239
203 242
203 243
203 244
203 245
203 246
203 247
203 248
203 249
203 253
203 258
203 259
203 264
203 265
203 267
203 270
203 274
203 275
203 277
203 278
203 280
203 282
203 283
203 285
203 288
203 289
203 290
203 297
204 207
204 212
204 213
204 214
204 216
204 217
204 218
204 219
204 220
204 223
204 225
204 228
204 229
204 230
204 231
204 232
204 233
204 236
204 237
204 238
204 240
204 242
204 244
204 245
204 246
204 247
204 248
204 254
204 257
204 258
204 264
204 265
204 266
204 267
204 269
204 270
204 272
204 275
204 277
204 279
204 280
204 281
204 282
204 290
204 292
204 293
204 294
204 296
204 298
205 206
205 207
205 208
205 209
205 213
205 218
205 219
205 220
205 222
205 224
205 226
205 231
205 233
205 234
205 237
205 240
205 246
205 247
205 248
205 249
205 252
205 255
205 257
205 258
205 259
205 261
205 262
205 263
205 265
205 267
205 269
205 275
205 276
205 277
205 281
205 283
205 286
205 290
205 291
205 296
205 299
206 208
206 210
206 211
206 212
206 218
206 222
206 226
206 228
206 229
206 230
206 231
206 232
206 236
206 237
206 241
206 242
206 243
206 245
206 246
206 247
206 248
206 249
206 251
206 252
206 255
206 258
206 259
206 262
206 265
206 267
206 268
206 269
206 270
206 271
206 272
206 273
206 274
206 275
206 277
206 281
206 282
206 283
206 285
206 286
206 287
206 288
206 289
206 299
207 210
207 211
207 212
207 213
207 214
207 217
207 222
207 224
207 228
207 231
207 232
207 233
207 234
207 235
207 236
207 237
207 238
207 244
207 246
207 250
207 252
207 253
207 254
207 256
207 258
207 259
207 263
207 265
207 274
207 275
207 278
207 282
207 283
207 289
207 292
207 293
207 295
207 296
207 298
208 210
208 212
208 215
208 216
208 217
208 218
208 224
208 225
208 228
208 230
208 232
208 234
208 240
208 244
208 245
208 247
208 248
208 250
208 253
208 254
208 258
208 259
208 262
208 263
208 267
208 268
208 269
208 271
208 272
208 275
208 280
208 282
208 288
208 290
208 291
208 292
208 293
208 294
208 296
208 297
208 298
209 210
209 213
209 216
209 218
209 220
209 222
209 224
209 228
209 230
209 231
209 232
209 233
209 236
209 237
209 238
209 239
209 241
209 242
209 248
209 249
209 253
209 254
209 257
209 259
209 260
209 262
209 264
209 271
209 272
209 273
209 274
209 276
209 278
209 281
209 282
209 283
209 284
209 288
209 290
209 295
210 212
210 213
210 214
210 215
210 221
210 222
210 225
210 229
210 230
210 233
210 234
210 236
210 237
210 239
210 242
210 245
210 246
210 247
210 248
210 251
210 253
210 254
210 260
210 261
210 262
210 264
210 265
210 266
210 268
210 271
210 273
210 274
210 276
210 280
210 284
210 285
210 286
210 290
210 293
210 294
210 295
210 296
210 299
211 213
211 214
211 219
211 221
211 222
211 223
211 224
211 225
211 227
211 228
211 229
211 230
211 233
211 236
211 238
211 240
211 242
211 243
211 244
211 245
211 247
211 249
211 251
211 253
211 254
211 256
211 258
211 261
211 263
211 264
211 265
211 266
211 267
211 270
211 272
211 274
211 277
211 282
211 287
211 288
211 289
211 294
211 296
211 297
211 299
212 213
212 214
212 218
212 219
212 220
212 222
212 223
212 224
212 225
212 226
212 227
212 231
212 232
212 233
212 235
212 236
212 237
212 238
212 239
212 241
212 244
212 245
212 246
212 248
212 250
212 251
212 254
212 255
212 257
212 265
212 268
212 270
212 273
212 276
212 283
212 285
212 286
212 287
212 288
212 290
212 291
212 292
212 293
212 295
212 297
212 298
212 299
213 214
213 217
213 219
213 220
213 222
213 223
213 224
213 227
213 230
213 235
213 236
213 238
213 240
213 247
213 248
213 249
213 255
213 257
213 260
213 262
213 263
213 266
213 267
213 268
213 271
213 272
213 273
213 274
213 275
213 278
213 282
213 287
213 288
213 290
213 296
213 299
214 220
214 221
214 226
214 231
214 234
214 235
214 236
214 239
214 243
214 244
214 245
214 246
214 247
214 248
214 249
214 251
214 258
214 259
214 260
214 264
214 266
214 267
214 268
214 271
214 273
214 274
214 278
214 279
214 280
214 281
214 282
214 283
214 284
214 285
214 292
214 293
214 296
214 297
214 298
214 299
215 220
215 222
215 225
215 226
215 227
215 228
215 230
215 231
215 232
215 233
215 235
215 236
215 237
215 238
215 242
215 245
215 246
215 247
215 250
215 251
215 252
215 253
215 255
215 256
215 258
215 260
215 262
215 263
215 264
215 269
215 272
215 274
215 275
215 276
215 278
215 282
215 283
215 284
215 285
215 286
215 288
215 289
215 290
215 295
215 296
215 298
215 299
216 219
216 222
216 223
216 224
216 225
216 226
216 230
216 238
216 239
216 241
216 242
216 243
216 244
216 245
216 248
216 249
216 251
216 256
216 259
216 260
216 261
216 262
216 263
216 265
216 266
216 267
216 269
216 271
216 273
216 274
216 275
216 276
216 277
216 280
216 282
216 283
216 285
216 286
216 290
216 294
216 295
216 299
217 218
217 219
217 220
217 222
217 223
217 230
217 231
217 232
217 233
217 236
217 238
217 239
217 242
217 244
217 246
217 247
217 250
217 251
217 256
217 258
217 259
217 260
217 261
217 262
217 265
217 266
217 267
217 268
217 269
217 271
217 272
217 273
217 275
217 277
217 278
217 280
217 281
217 283
217 284
217 285
217 287
217 291
218 219
218 220
218 221
218 224
218 225
218 226
218 227
218 229
218 230
218 231
218 232
218 233
218 234
218 235
218 236
218 237
218 239
218 240
218 243
218 244
218 245
218 248
218 250
218 251
218 252
218 253
218 254
218 259
218 260
218 261
218 262
218 263
218 264
218 266
218 267
218 268
218 270
218 271
218 272
218 276
218 277
218 279
218 280
218 281
218 282
218 283
218 285
218 287
218 290
218 291
218 293
218 294
218 295
218 296
218 297
218 298
218 299
219 220
219 222
219 223
219 224
219 225
219 226
219 227
219 228
219 230
219 231
219 232
219 237
219 238
219 240
219 243
219 245
219 246
219 247
219 249
219 254
219 256
219 258
219 259
219 260
219 264
219 266
219 267
219 268
219 271
219 277
219 278
219 280
219 281
219 283
219 284
219 288
219 289
219 290
219 292
219 293
219 294
219 297
219 299
220 221
220 223
220 224
220 226
220 227
220 228
220 230
220 231
220 234
220 238
220 239
220 240
220 241
220 242
220 243
220 244
220 248
220 252
220 254
220 255
220 256
220 258
220 259
220 260
220 261
220 265
220 266
220 270
220 271
220 273
220 274
220 275
220 279
220 285
220 286
220 288
220 289
220 290
220 291
220 292
220 293
220 294
220 297
220 299
221 225
221 227
221 228
221 229
221 231
221 232
221 233
221 234
221 237
221 238
221 240
221 242
221 243
221 244
221 245
221 252
221 254
221 256
221 258
221 264
221 265
221 266
221 268
221 270
221 273
221 275
221 276
221 277
221 279
221 281
221 283
221 284
221 285
221 289
221 291
221 292
221 293
221 294
221 296
221 297
221 299
222 226
222 227
222 231
222 242
222 244
222 245
222 247
222 250
222 252
222 254
222 255
222 261
222 262
222 263
222 266
222 268
222 270
222 273
222 275
222 276
222 277
222 280
222 282
222 285
222 288
222 292
222 294
222 297
223 226
223 229
223 230
223 231
223 232
223 233
223 236
223 237
223 243
223 245
223 247
223 248
223 249
223 252
223 253
223 255
223 257
223 258
223 259
223 267
223 268
223 269
223 270
223 272
223 276
223 277
223 278
223 280
223 282
223 289
223 290
223 291
223 292
223 293
223 295
223 297
223 299
224 227
224 229
224 230
224 231
224 234
224 235
224 236
224 238
224 240
224 242
224 244
224 245
224 250
224 251
224 252
224 256
224 257
224 258
224 260
224 263
224 264
224 267
224 269
224 270
224 274
224 275
224 276
224 277
224 278
224 279
224 280
224 285
224 286
224 288
224 289
224 290
224 291
224 292
224 293
224 295
224 299
225 227
225 229
225 231
225 232
225 234
225 235
225 238
225 239
225 240
225 241
225 246
225 249
225 250
225 254
225 256
225 258
225 259
225 260
225 262
225 263
225 264
225 266
225 269
225 271
225 272
225 274
225 275
225 276
225 282
225 283
225 285
225 286
225 287
225 288
225 292
225 293
225 296
225 298
225 299
226 227
226 228
226 230
226 232
226 233
226 234
226 235
226 241
226 242
226 243
226 244
226 246
226 247
226 249
226 250
226 253
226 254
226 255
226 256
226 257
226 259
226 262
226 264
226 267
226 268
226 269
226 270
226 271
226 272
226 274
226 276
226 280
226 282
226 284
226 287
226 289
226 291
226 292
226 293
226 295
226 296
226 298
227 235
227 237
227 238
227 239
227 242
227 245
227 246
227 248
227 254
227 256
227 257
227 258
227 259
227 260
227 261
227 262
227 269
227 270
227 271
227 273
227 274
227 275
227 276
227 278
227 279
227 280
227 282
227 287
227 289
227 294
227 297
228 230
228 231
228 232
228 233
228 238
228 240
228 241
228 242
228 243
228 244
228 247
228 249
228 250
228 251
228 252
228 254
228 257
228 258
228 259
228 261
228 262
228 264
228 265
228 266
228 269
228 271
228 272
228 274
228 277
228 278
228 279
228 281
228 285
228 286
228 287
228 288
228 291
228 293
228 298
229 230
229 231
229 236
229 237
229 238
229 240
229 242
229 243
229 245
229 247
229 251
229 252
229 253
229 255
229 256
229 259
229 260
229 261
229 262
229 264
229 265
229 267
229 268
229 269
229 270
229 273
229 276
229 282
229 286
229 287
229 291
229 293
229 295
229 298
230 231
230 234
230 235
230 236
230 238
230 239
230 243
230 244
230 253
230 254
230 255
230 256
230 257
230 258
230 259
230 261
230 263
230 264
230 265
230 266
230 268
230 269
230 270
230 271
230 273
230 275
230 277
230 279
230 282
230 283
230 285
230 286
230 287
230 289
230 291
230 294
230 295
230 296
230 298
231 238
231 239
231 241
231 245
231 249
231 252
231 253
231 255
231 258
231 263
231 265
231 267
231 269
231 273
231 276
231 277
231 278
231 280
231 281
231 283
231 284
231 286
231 287
231 289
231 291
231 294
231 295
231 296
231 298
232 234
232 235
232 236
232 237
232 239
232 240
232 244
232 245
232 248
232 249
232 250
232 255
232 257
232 259
232 260
232 263
232 264
232 265
232 266
232 271
232 272
232 273
232 276
232 277
232 278
232 279
232 280
232 281
232 282
232 284
232 288
232 290
232 292
232 294
232 295
232 296
232 299
233 235
233 236
233 237
233 238
233 242
233 244
233 246
233 249
233 250
233 251
233 252
233 254
233 256
233 257
233 258
233 260
233 262
233 264
233 266
233 267
233 268
233 270
233 272
233 273
233 275
233 277
233 278
233 279
233 280
233 282
233 285
233 286
233 289
233 290
233 291
233 292
233 294
233 295
233 296
233 298
234 238
234 239
234 240
234 241
234 242
234 243
234 247
234 248
234 249
234 258
234 264
234 265
234 266
234 267
234 271
234 272
234 273
234 275
234 282
234 284
234 285
234 286
234 287
234 288
234 295
234 296
234 297
235 237
235 243
235 246
235 248
235 251
235 255
235 260
235 261
235 262
235 263
235 265
235 266
235 267
235 270
235 271
235 272
235 273
235 274
235 275
235 278
235 279
235 282
235 286
235 289
235 290
235 291
235 294
235 296
235 297
235 298
235 299
236 237
236 239
236 241
236 242
236 243
236 245
236 247
236 248
236 249
236 250
236 251
236 253
236 254
236 258
236 259
236 260
236 261
236 262
236 265
236 266
236 267
236 269
236 270
236 272
236 273
236 275
236 276
236 277
236 279
236 280
236 282
236 285
236 290
236 291
236 294
236 297
237 240
237 244
237 245
237 246
237 247
237 248
237 250
237 252
237 255
237 256
237 257
237 262
237 263
237 264
237 265
237 268
237 269
237 270
237 272
237 273
237 278
237 279
237 281
237 282
237 283
237 285
237 286
237 289
237 292
237 293
237 294
237 295
237 297
237 299
238 239
238 240
238 242
238 243
238 246
238 250
238 251
238 255
238 258
238 260
238 261
238 262
238 263
238 264
238 266
238 269
238 272
238 273
238 275
238 277
238 278
238 280
238 281
238 282
238 283
238 287
238 293
238 294
238 295
238 296
238 297
238 299
239 241
239 242
239 245
239 247
239 249
239 252
239 253
239 259
239 260
239 269
239 270
239 273
239 275
239 278
239 279
239 280
239 282
239 284
239 286
239 288
239 289
239 291
239 292
239 293
239 296
239 297
240 241
240 242
240 243
240 244
240 245
240 246
240 248
240 249
240 250
240 252
240 256
240 258
240 259
240 261
240 262
240 265
240 266
240 270
240 274
240 275
240 276
240 279
240 280
240 283
240 285
240 286
240 287
240 288
240 292
240 293
240 294
240 296
240 298
240 299
241 244
241 245
241 246
241 250
241 251
241 255
241 256
241 259
241 260
241 261
241 264
241 266
241 267
241 268
241 269
241 273
241 283
241 284
241 285
241 286
241 287
241 288
241 289
241 291
241 293
241 294
241 296
241 297
242 244
242 247
242 248
242 249
242 252
242 253
242 257
242 260
242 261
242 262
242 264
242 266
242 269
242 274
242 277
242 280
242 283
242 285
242 287
242 288
242 289
242 291
242 293
242 294
242 295
242 298
242 299
243 245
243 248
243 249
243 250
243 251
243 252
243 254
243 266
243 267
243 268
243 269
243 271
243 273
243 275
243 277
243 281
243 286
243 287
243 288
243 290
243 292
243 294
243 295
243 296
243 298
244 245
244 246
244 247
244 251
244 254
244 255
244 257
244 258
244 259
244 269
244 270
244 271
244 273
244 274
244 275
244 276
244 284
244 289
244 291
244 292
244 294
244 295
244 298
244 299
245 247
245 249
245 250
245 252
245 253
245 255
245 256
245 264
245 266
245 269
245 272
245 273
245 281
245 282
245 284
245 285
245 287
245 288
245 290
245 292
245 294
245 296
246 247
246 248
246 250
246 251
246 252
246 253
246 256
246 259
246 260
246 261
246 263
246 265
246 266
246 269
246 274
246 275
246 276
246 278
246 279
246 281
246 284
246 285
246 294
246 299
247 248
247 249
247 250
247 253
247 255
247 257
247 263
247 265
247 266
247 269
247 274
247 276
247 277
247 280
247 281
247 283
247 285
247 286
247 287
247 288
247 290
247 291
247 293
247 297
247 298
248 250
248 253
248 257
248 258
248 261
248 264
248 270
248 273
248 275
248 277
248 280
248 282
248 283
248 284
248 286
248 287
248 288
248 289
248 290
248 291
248 294
248 295
248 298
248 299
249 251
249 252
249 254
249 255
249 256
249 258
249 260
249 265
249 271
249 272
249 277
249 278
249 280
249 281
249 282
249 284
249 285
249 286
249 288
249 289
249 290
249 292
249 293
249 295
249 296
249 297
249 299
250 253
250 255
250 257
250 258
250 259
250 260
250 263
250 268
250 274
250 275
250 277
250 278
250 279
250 281
250 283
250 285
250 286
250 288
250 292
250 296
250 297
251 253
251 255
251 256
251 257
251 259
251 261
251 263
251 266
251 267
251 276
251 277
251 279
251 280
251 282
251 284
251 286
251 289
251 291
251 293
251 297
251 298
251 299
252 255
252 256
252 260
252 262
252 264
252 268
252 275
252 276
252 278
252 279
252 281
252 282
252 283
252 287
252 288
252 290
252 291
252 292
252 293
252 294
252 298
253 255
253 257
253 258
253 260
253 261
253 265
253 267
253 268
253 271
253 272
253 273
253 274
253 278
253 281
253 282
253 283
253 285
253 286
253 288
253 289
253 290
253 293
253 294
253 295
253 297
253 298
254 255
254 256
254 262
254 263
254 264
254 267
254 269
254 271
254 272
254 274
254 275
254 277
254 278
254 280
254 281
254 282
254 283
254 286
254 291
254 293
254 294
254 295
254 296
254 297
254 298
254 299
255 256
255 258
255 260
255 266
255 267
255 268
255 272
255 276
255 278
255 279
255 280
255 282
255 284
255 287
255 288
255 291
255 292
255 297
255 299
256 259
256 260
256 264
256 270
256 272
256 273
256 274
256 276
256 278
256 279
256 280
256 285
256 286
256 287
256 289
256 292
256 293
256 297
256 298
257 258
257 259
257 261
257 263
257 264
257 265
257 266
257 268
257 269
257 270
257 273
257 276
257 277
257 278
257 280
257 281
257 282
257 283
257 284
257 285
257 286
257 287
257 288
257 291
257 293
257 295
257 298
257 299
258 259
258 261
258 263
258 265
258 267
258 270
258 275
258 276
258 277
258 279
258 282
258 283
258 285
258 288
258 290
258 291
258 295
258 296
258 297
258 298
258 299
259 260
259 262
259 265
259 266
259 268
259 271
259 272
259 273
259 274
259 276
259 277
259 278
259 280
259 284
259 287
259 288
259 289
259 290
259 293
259 294
259 297
259 299
260 262
260 263
260 265
260 266
260 268
260 269
260 273
260 274
260 278
260 279
260 280
260 282
260 283
260 285
260 287
260 290
260 295
260 296
261 262
261 263
261 264
261 266
261 270
261 271
261 273
261 280
261 282
261 283
261 285
261 287
261 288
261 290
261 291
261 292
261 294
261 296
261 298
262 263
262 264
262 266
262 267
262 270
262 271
262 273
262 275
262 278
262 279
262 283
262 285
262 286
262 290
262 292
262 293
262 295
262 296
263 264
263 265
263 266
263 268
263 270
263 274
263 275
263 276
263 278
263 281
263 286
263 287
263 290
263 291
263 292
264 265
264 267
264 270
264 271
264 272
264 273
264 276
264 282
264 283
264 285
264 290
264 292
264 293
264 294
265 266
265 272
265 275
265 277
265 279
265 280
265 281
265 282
265 283
265 285
265 286
265 287
265 289
265 291
265 292
265 293
265 296
265 297
266 268
266 269
266 277
266 278
266 279
266 281
266 282
266 283
266 284
266 286
266 289
266 291
266 293
266 295
266 296
266 297
266 298
266 299
267 268
267 269
267 270
267 271
267 275
267 279
267 283
267 285
267 287
267 288
267 289
267 290
267 292
267 294
267 298
267 299
268 269
268 270
268 272
268 273
268 274
268 275
268 276
268 277
268 278
268 279
268 282
268 283
268 284
268 288
268 295
268 296
269 272
269 275
269 279
269 280
269 283
269 284
269 285
269 286
269 287
269 288
269 291
269 292
269 293
269 295
269 296
269 298
270 271
270 272
270 273
270 275
270 276
270 277
270 278
270 281
270 282
270 284
270 287
270 288
270 290
270 291
270 292
270 293
270 295
270 297
270 299
271 274
271 276
271 277
271 279
271 280
271 283
271 285
271 286
271 288
271 289
271 291
271 292
271 294
271 295
271 296
271 298
272 273
272 274
272 275
272 278
272 280
272 281
272 282
272 283
272 284
272 285
272 286
272 288
272 289
272 290
272 291
272 294
272 295
272 298
272 299
273 276
273 278
273 279
273 280
273 282
273 284
273 286
273 288
273 294
273 295
273 298
273 299
274 278
274 279
274 283
274 286
274 287
274 289
274 290
274 293
274 298
274 299
275 276
275 277
275 279
275 281
275 282
275 284
275 287
275 288
275 289
275 290
275 292
275 294
275 295
275 296
275 297
275 298
276 277
276 279
276 282
276 285
276 286
276 288
276 290
276 298
277 279
277 280
277 281
277 283
277 285
277 290
277 291
277 292
277 293
277 295
277 296
277 297
278 282
278 284
278 286
278 287
278 289
278 292
278 294
278 295
278 297
278 299
279 283
279 285
279 286
279 288
279 290
279 291
279 292
279 295
279 296
279 297
279 299
280 281
280 285
280 286
280 287
280 288
280 289
280 290
280 294
280 297
281 282
281 286
281 287
281 293
281 299
282 283
282 284
282 287
282 292
282 293
282 295
282 296
282 297
283 284
283 291
283 295
283 296
283 297
283 298
283 299
284 285
284 287
284 289
284 290
284 294
284 296
284 298
284 299
285 286
285 287
285 291
285 292
285 294
285 295
286 288
286 289
286 291
286 292
286 294
286 298
286 299
287 288
287 289
287 297
287 298
287 299
288 290
288 291
288 292
288 293
288 296
288 297
288 299
289 294
289 296
289 297
289 298
290 291
290 292
290 293
290 296
290 298
291 292
291 295
291 297
292 293
292 295
292 297
293 296
293 297
293 298
293 299
294 295
294 296
294 298
295 297
296 297
296 298
296 299
297 298
