0 8
0 10
0 39
0 43
0 54
0 92
0 106
0 107
0 121
0 148
0 165
0 195
0 199
1 66
1 74
1 89
1 90
1 101
1 102
1 111
1 119
1 123
1 132
1 137
1 141
1 145
1 174
2 4
2 9
2 13
2 20
2 45
2 113
2 116
2 123
2 141
2 146
2 154
2 174
2 188
2 199
3 15
3 22
3 35
3 39
3 45
3 63
3 68
3 72
3 75
3 78
3 91
3 104
3 124
3 129
3 130
3 131
3 151
3 171
3 180
3 182
3 190
4 7
4 8
4 27
4 31
4 36
4 78
4 79
4 103
4 105
4 106
4 147
4 173
5 17
5 18
5 50
5 68
5 72
5 96
5 106
5 133
5 137
5 138
5 153
5 154
5 177
6 20
6 36
6 67
6 68
6 85
6 88
6 90
6 107
6 112
6 114
6 122
6 127
6 143
6 144
6 163
6 176
6 180
6 187
6 192
6 195
6 197
7 36
7 48
7 65
7 73
7 77
7 78
7 96
7 107
7 133
7 142
7 163
7 179
8 13
8 28
8 49
8 59
8 61
8 62
8 73
8 78
8 92
8 95
8 121
8 131
8 137
8 140
8 162
8 163
8 186
8 187
8 188
9 20
9 27
9 36
9 39
9 44
9 50
9 58
9 67
9 78
9 92
9 103
9 104
9 106
9 125
9 126
9 131
9 134
9 142
9 143
9 151
9 157
9 187
10 11
10 15
10 27
10 29
10 31
10 51
10 53
10 71
10 76
10 86
10 99
10 116
10 119
10 127
10 139
10 168
10 179
10 188
11 19
11 33
11 39
11 45
11 63
11 67
11 80
11 91
11 106
11 112
11 151
11 167
11 175
12 33
12 34
12 39
12 68
12 72
12 79
12 84
12 99
12 115
12 158
12 159
12 163
12 171
12 179
12 194
13 30
13 47
13 49
13 54
13 61
13 65
13 76
13 82
13 83
13 138
13 148
13 149
13 155
13 158
13 178
13 187
13 191
13 192
14 19
14 27
14 31
14 32
14 38
14 43
14 44
14 46
14 54
14 58
14 88
14 97
14 103
14 128
14 129
14 137
14 139
14 145
14 152
14 154
14 169
14 172
14 180
14 188
14 191
15 22
15 47
15 49
15 81
15 83
15 84
15 88
15 134
15 138
15 144
15 145
15 148
15 151
15 153
15 166
15 182
15 197
16 23
16 25
16 26
16 45
16 53
16 66
16 82
16 93
16 143
16 145
16 162
16 164
16 176
16 177
16 178
16 180
16 185
17 19
17 20
17 33
17 38
17 42
17 57
17 69
17 74
17 77
17 86
17 90
17 107
17 114
17 124
17 143
17 145
17 147
17 148
17 162
17 174
17 180
17 181
17 191
18 26
18 31
18 43
18 62
18 80
18 88
18 90
18 92
18 96
18 97
18 98
18 122
18 129
18 147
18 151
18 167
18 174
18 182
18 186
18 187
18 191
18 194
18 199
19 28
19 36
19 39
19 40
19 56
19 88
19 94
19 96
19 102
19 112
19 114
19 116
19 167
19 175
19 182
19 188
19 191
20 45
20 48
20 74
20 79
20 96
20 118
20 120
20 144
20 155
20 157
20 169
20 172
20 192
20 195
21 42
21 45
21 51
21 72
21 93
21 96
21 106
21 119
21 123
21 124
21 125
21 129
21 132
21 137
21 164
21 165
21 169
21 172
21 191
21 193
21 196
22 28
22 50
22 63
22 70
22 109
22 116
22 121
22 126
22 138
22 162
22 169
23 40
23 47
23 68
23 70
23 80
23 86
23 90
23 93
23 99
23 100
23 101
23 149
23 155
23 172
23 186
23 191
23 195
24 32
24 39
24 48
24 51
24 53
24 89
24 90
24 110
24 119
24 127
24 130
24 145
24 149
24 152
24 171
24 180
24 189
24 195
25 26
25 34
25 40
25 54
25 57
25 73
25 108
25 148
25 149
25 172
25 173
25 176
25 185
26 41
26 50
26 51
26 59
26 68
26 78
26 79
26 85
26 86
26 88
26 91
26 97
26 100
26 103
26 118
26 122
26 128
26 135
26 142
26 181
26 198
27 32
27 38
27 55
27 63
27 77
27 83
27 84
27 91
27 106
27 115
27 123
27 124
27 125
27 146
27 149
27 155
27 174
27 175
27 188
27 193
28 35
28 76
28 111
28 115
28 117
28 120
28 139
28 142
28 154
28 155
28 160
28 165
28 172
28 173
28 179
28 185
28 186
29 48
29 66
29 72
29 81
29 94
29 96
29 108
29 119
29 131
29 135
29 141
29 146
29 157
29 158
29 160
29 165
29 185
29 186
29 189
29 191
29 193
30 42
30 47
30 49
30 54
30 55
30 57
30 98
30 103
30 106
30 116
30 145
30 146
30 147
30 149
30 166
30 173
30 179
30 186
30 199
31 40
31 56
31 60
31 68
31 83
31 94
31 127
31 131
31 146
31 159
31 161
31 171
31 181
31 183
31 199
32 33
32 63
32 65
32 124
32 137
32 165
32 182
32 184
32 187
32 195
32 197
33 36
33 41
33 51
33 65
33 70
33 71
33 73
33 84
33 85
33 101
33 109
33 113
33 114
33 115
33 119
33 122
33 154
33 156
33 160
33 163
33 168
33 184
34 36
34 43
34 46
34 63
34 71
34 95
34 97
34 100
34 103
34 106
34 130
34 139
34 146
34 153
34 175
34 177
35 47
35 66
35 73
35 74
35 80
35 83
35 90
35 112
35 116
35 128
35 160
35 167
35 186
35 190
36 40
36 50
36 65
36 78
36 79
36 84
36 88
36 107
36 123
36 132
36 138
36 139
36 141
36 144
36 148
36 150
36 162
36 164
36 171
36 184
36 193
36 195
37 38
37 49
37 55
37 67
37 114
37 124
37 140
37 143
37 149
37 150
37 172
37 177
37 178
37 179
37 185
38 39
38 44
38 48
38 69
38 72
38 84
38 87
38 99
38 106
38 117
38 126
38 134
38 136
38 137
38 140
38 160
38 180
38 191
39 48
39 69
39 73
39 99
39 103
39 109
39 114
39 121
39 128
39 131
39 135
39 142
39 158
39 159
39 167
39 192
40 44
40 48
40 75
40 81
40 84
40 100
40 123
40 128
40 131
40 142
40 159
40 161
40 167
40 191
41 62
41 64
41 68
41 77
41 102
41 103
41 105
41 106
41 107
41 119
41 128
41 140
41 151
41 159
41 165
41 182
42 46
42 49
42 76
42 81
42 84
42 92
42 101
42 103
42 133
42 134
42 136
42 137
42 150
42 151
42 162
42 166
42 173
42 176
42 190
43 49
43 61
43 62
43 65
43 94
43 100
43 106
43 117
43 131
43 133
43 142
43 151
43 154
43 160
43 198
44 60
44 65
44 83
44 84
44 102
44 132
44 134
44 136
44 150
44 164
44 166
44 167
44 170
44 177
44 184
44 185
44 187
45 47
45 50
45 70
45 90
45 93
45 96
45 101
45 105
45 106
45 109
45 137
45 141
45 157
45 160
45 182
45 188
45 191
45 194
45 197
46 80
46 90
46 115
46 123
46 128
46 140
46 141
46 154
46 172
46 173
46 175
46 193
47 56
47 65
47 82
47 83
47 85
47 87
47 95
47 97
47 99
47 106
47 123
47 125
47 126
47 133
47 137
47 151
47 154
47 171
47 180
48 57
48 80
48 81
48 84
48 99
48 115
48 129
48 135
48 155
48 165
48 178
48 187
48 194
48 197
49 50
49 53
49 58
49 62
49 70
49 84
49 101
49 112
49 116
49 124
49 132
49 144
49 149
49 150
49 158
49 160
49 191
50 55
50 63
50 70
50 85
50 102
50 109
50 111
50 112
50 119
50 123
50 149
50 166
50 170
50 181
50 189
50 190
50 198
51 61
51 72
51 106
51 112
51 113
51 118
51 146
51 160
51 173
51 187
51 195
51 198
52 58
52 77
52 93
52 100
52 111
52 140
52 141
52 149
52 150
52 170
52 172
52 180
52 197
52 198
53 67
53 72
53 76
53 80
53 87
53 106
53 114
53 115
53 149
53 151
53 180
53 184
53 186
53 198
54 66
54 69
54 72
54 92
54 109
54 116
54 120
54 127
54 135
54 142
54 144
54 155
54 156
54 160
54 162
54 178
54 183
54 191
54 193
54 196
55 57
55 64
55 65
55 66
55 74
55 80
55 115
55 123
55 127
55 135
55 154
55 155
55 161
55 165
55 174
55 192
56 72
56 77
56 80
56 84
56 96
56 99
56 100
56 106
56 111
56 115
56 128
56 131
56 135
56 143
56 151
56 160
56 181
56 186
56 188
56 199
57 58
57 83
57 85
57 86
57 98
57 99
57 124
57 138
57 166
57 167
57 171
57 178
57 182
57 185
58 79
58 87
58 90
58 106
58 111
58 124
58 129
58 134
58 140
58 147
58 170
58 192
59 81
59 86
59 89
59 118
59 129
59 140
59 150
59 157
59 170
59 189
60 63
60 71
60 101
60 110
60 116
60 124
60 157
60 176
60 187
60 190
60 192
60 194
60 196
61 63
61 82
61 122
61 123
61 124
61 142
61 146
61 159
61 164
61 166
61 173
61 185
61 186
61 192
62 63
62 75
62 78
62 81
62 83
62 86
62 89
62 113
62 138
62 151
62 156
62 158
62 159
62 172
63 70
63 72
63 73
63 83
63 111
63 113
63 115
63 128
63 130
63 148
63 150
63 162
63 175
63 189
63 194
63 197
64 68
64 77
64 80
64 83
64 85
64 93
64 95
64 105
64 106
64 110
64 127
64 130
64 159
64 165
64 171
64 183
65 69
65 70
65 83
65 85
65 87
65 101
65 116
65 129
65 132
65 134
65 138
65 158
65 172
65 177
65 194
66 104
66 117
66 133
66 152
66 157
66 166
66 185
66 187
67 73
67 79
67 104
67 110
67 148
67 162
67 163
67 165
67 168
67 172
67 180
67 182
67 185
67 191
67 193
68 73
68 74
68 77
68 86
68 94
68 109
68 121
68 132
68 134
68 136
68 144
68 151
68 153
68 162
68 175
68 180
68 185
68 188
69 70
69 91
69 95
69 102
69 123
69 127
69 130
69 146
69 156
69 161
69 180
69 187
69 194
69 197
69 199
70 76
70 80
70 83
70 84
70 94
70 108
70 121
70 128
70 153
70 155
70 160
70 165
70 189
71 88
71 98
71 110
71 111
71 116
71 118
71 119
71 139
71 167
71 172
71 183
72 75
72 91
72 96
72 105
72 108
72 114
72 116
72 118
72 120
72 159
72 175
73 78
73 84
73 89
73 117
73 122
73 149
73 177
73 184
73 187
74 75
74 83
74 86
74 94
74 103
74 129
74 133
74 159
74 161
74 173
74 178
74 193
75 92
75 96
75 105
75 121
75 123
75 125
75 152
75 171
75 179
75 196
76 89
76 99
76 113
76 122
76 134
76 149
76 156
76 158
76 170
76 181
77 80
77 94
77 98
77 104
77 105
77 111
77 114
77 119
77 121
77 123
77 139
77 146
77 148
77 166
77 170
77 174
77 183
77 195
78 79
78 86
78 96
78 108
78 134
78 144
78 145
78 153
78 169
78 175
78 181
78 184
78 193
79 80
79 103
79 106
79 112
79 115
79 121
79 134
79 148
79 164
79 167
79 183
79 184
79 185
79 189
80 81
80 83
80 85
80 99
80 104
80 127
80 129
80 163
80 182
80 188
81 94
81 100
81 110
81 114
81 120
81 138
81 140
81 148
81 149
81 160
81 164
81 181
81 183
81 194
82 89
82 94
82 110
82 135
82 142
82 183
83 90
83 95
83 97
83 117
83 127
83 129
83 132
83 133
83 140
83 141
83 144
83 148
83 169
83 176
83 181
84 85
84 89
84 92
84 93
84 114
84 116
84 123
84 125
84 126
84 138
84 139
84 142
84 146
84 156
85 88
85 93
85 99
85 121
85 123
85 126
85 132
85 150
85 160
85 169
85 172
85 174
85 175
85 176
85 178
85 180
85 186
85 191
85 192
85 193
86 92
86 100
86 114
86 128
86 142
86 143
86 150
86 174
86 184
86 192
86 193
87 111
87 124
87 132
87 139
87 145
87 150
87 155
87 158
87 190
87 194
87 197
88 116
88 129
88 174
88 196
88 198
89 93
89 101
89 123
89 127
89 129
89 179
89 185
89 191
90 94
90 111
90 120
90 128
90 130
90 158
90 184
90 194
91 112
91 118
91 121
91 165
91 167
91 171
91 178
91 190
91 192
92 122
92 132
92 158
92 160
92 165
92 172
92 193
93 109
93 143
93 155
93 180
93 191
93 198
94 104
94 106
94 112
94 127
94 134
94 142
94 147
94 157
94 163
94 170
94 178
94 189
94 191
95 98
95 103
95 107
95 111
95 113
95 119
95 143
95 163
95 184
95 187
95 190
96 125
96 128
96 129
96 137
96 145
96 156
96 170
96 173
96 190
96 191
96 193
97 98
97 102
97 105
97 115
97 142
97 149
97 194
97 199
98 100
98 107
98 123
98 130
98 132
98 148
98 158
98 171
98 176
98 178
98 186
98 190
98 192
98 195
99 106
99 113
99 121
99 141
99 144
99 165
99 167
99 176
99 182
99 189
99 192
99 196
100 105
100 115
100 128
100 131
100 146
100 175
100 182
101 111
101 114
101 118
101 119
101 139
101 140
101 148
101 165
101 178
101 185
101 189
101 193
101 197
102 127
102 138
102 148
102 151
102 175
102 179
102 183
102 187
102 190
102 191
102 192
103 108
103 123
103 140
103 149
103 153
103 154
103 157
103 158
103 169
103 178
103 186
104 105
104 113
104 124
104 128
104 148
104 177
104 178
105 108
105 110
105 112
105 127
105 138
105 140
105 152
105 157
105 199
106 110
106 111
106 116
106 118
106 120
106 124
106 145
106 151
106 155
106 156
106 163
106 169
106 180
106 181
106 186
106 197
107 117
107 118
107 123
107 139
107 197
108 120
108 127
108 130
108 151
108 152
108 173
109 122
109 128
109 135
109 142
109 146
109 158
109 159
109 176
109 184
109 199
110 112
110 118
110 126
110 129
110 134
110 145
110 159
110 165
110 166
110 181
110 188
110 190
110 198
111 120
111 128
111 131
111 141
111 147
111 150
111 157
111 182
112 131
112 141
112 149
112 162
112 163
112 171
112 173
112 174
112 175
112 182
112 185
112 191
113 141
113 160
113 163
114 117
114 126
114 127
114 130
114 138
114 140
114 155
114 156
114 163
114 165
114 182
114 183
114 188
114 192
115 116
115 120
115 123
115 124
115 160
115 174
115 191
116 130
116 134
116 142
116 146
116 148
116 153
116 166
116 174
116 182
116 189
116 190
117 150
117 155
117 163
117 170
117 175
117 176
117 179
117 182
117 190
117 197
118 135
118 137
118 149
118 152
118 166
118 189
119 127
119 129
119 131
119 134
119 138
119 143
119 146
119 147
119 166
119 167
119 180
119 181
119 182
119 184
120 121
120 124
120 132
120 147
120 159
120 169
120 178
120 181
120 182
120 190
121 130
121 160
121 167
121 175
121 184
122 149
122 150
122 151
122 152
122 159
122 163
122 179
122 197
123 154
123 160
123 163
123 170
123 177
123 190
123 191
124 127
124 130
124 146
124 152
124 153
124 155
124 156
124 168
124 170
124 179
125 139
125 171
125 173
125 178
125 186
126 135
126 144
126 147
126 150
126 154
126 163
126 172
126 182
127 132
127 134
127 146
127 148
127 153
127 168
127 172
127 192
128 144
128 158
128 163
128 169
128 171
128 178
128 180
128 193
128 196
129 142
129 155
129 171
129 173
129 174
129 187
130 151
130 155
130 159
130 179
131 152
131 160
131 167
131 183
132 135
132 145
132 151
132 156
132 173
132 176
132 187
132 190
132 197
133 138
133 165
133 184
133 194
134 165
134 166
134 178
134 187
134 196
135 144
135 159
135 179
135 185
135 198
136 137
136 146
136 158
136 160
136 164
136 178
136 188
136 193
137 138
137 151
137 164
137 171
137 174
137 178
137 189
138 157
138 160
138 164
138 165
138 169
138 178
138 189
139 151
139 157
139 167
139 177
139 181
139 187
139 196
140 143
140 144
140 148
140 149
140 157
140 166
140 171
140 173
140 182
140 186
141 157
141 162
141 171
141 184
141 188
141 191
141 192
141 195
141 197
142 154
142 168
142 171
142 176
142 182
142 198
143 145
143 149
143 157
143 158
143 161
143 162
143 171
143 197
144 165
144 176
144 178
144 185
144 193
145 148
145 160
145 165
145 168
145 177
145 181
145 189
145 198
146 152
146 155
146 156
146 170
146 171
146 172
147 150
147 165
147 175
147 191
147 192
148 152
148 153
148 169
148 176
148 178
149 167
149 177
149 179
149 186
149 194
150 154
150 168
150 169
150 170
150 172
150 173
150 174
150 180
150 186
151 162
151 163
151 170
151 172
151 178
151 190
151 194
151 198
152 153
152 156
152 176
152 179
152 195
152 197
152 199
153 168
153 173
153 179
153 180
153 184
153 190
154 159
154 171
154 186
154 188
154 192
154 194
154 198
155 183
156 187
156 191
157 170
157 177
157 179
158 159
158 160
158 171
158 173
158 178
158 184
159 163
159 166
159 172
159 181
159 184
160 172
160 181
160 192
160 196
160 198
161 172
161 181
161 189
162 185
162 193
163 170
164 186
164 194
165 192
165 197
166 172
166 189
166 194
167 168
167 174
167 176
168 170
168 188
169 170
169 171
170 178
171 197
172 175
172 191
172 197
172 199
173 185
173 188
173 190
173 191
173 196
173 197
174 177
174 185
174 195
175 181
175 185
176 178
176 190
177 184
177 185
177 186
177 190
177 191
178 198
179 191
179 194
180 181
180 189
180 199
181 187
181 193
183 198
184 185
184 197
185 191
185 197
186 191
186 194
186 198
186 199
188 193
188 196
189 192
189 199
191 197
193 194
