0 12
0 14
0 46
0 56
0 66
0 68
0 83
0 99
0 121
0 123
0 131
0 139
0 140
0 141
0 156
0 162
0 168
0 174
0 217
0 248
0 251
0 261
0 265
0 275
0 286
0 292
0 302
0 308
0 309
0 336
0 380
0 381
0 383
0 384
0 390
0 396
1 4
1 8
1 13
1 18
1 22
1 36
1 40
1 51
1 55
1 63
1 71
1 85
1 91
1 104
1 115
1 122
1 155
1 157
1 163
1 183
1 215
1 227
1 232
1 234
1 239
1 256
1 279
1 309
1 336
1 340
1 347
1 358
1 363
1 372
1 383
2 5
2 9
2 14
2 16
2 48
2 57
2 71
2 120
2 123
2 125
2 126
2 127
2 131
2 134
2 165
2 183
2 201
2 202
2 205
2 207
2 225
2 230
2 236
2 239
2 245
2 258
2 264
2 278
2 298
2 302
2 346
2 354
2 358
2 363
2 371
2 382
2 385
2 393
3 13
3 19
3 29
3 37
3 51
3 53
3 63
3 80
3 81
3 110
3 115
3 132
3 137
3 138
3 147
3 154
3 187
3 190
3 192
3 211
3 256
3 257
3 264
3 278
3 292
3 298
3 302
3 320
3 343
3 357
3 360
3 380
3 387
3 395
4 29
4 38
4 70
4 86
4 89
4 109
4 127
4 139
4 181
4 182
4 204
4 219
4 226
4 243
4 244
4 252
4 286
4 293
4 294
4 311
4 322
4 328
4 334
4 340
4 351
4 382
4 393
4 399
5 16
5 38
5 46
5 47
5 84
5 100
5 101
5 113
5 122
5 142
5 144
5 145
5 146
5 148
5 180
5 193
5 195
5 199
5 222
5 229
5 232
5 243
5 247
5 257
5 261
5 273
5 277
5 278
5 295
5 302
5 320
5 342
5 357
5 361
5 365
5 367
5 372
5 374
5 380
6 17
6 28
6 53
6 56
6 67
6 70
6 76
6 81
6 85
6 88
6 90
6 107
6 123
6 124
6 132
6 139
6 158
6 161
6 162
6 163
6 170
6 174
6 175
6 185
6 196
6 204
6 215
6 223
6 241
6 244
6 275
6 295
6 307
6 315
6 321
6 331
6 337
6 342
6 343
6 358
6 377
6 378
6 383
6 384
6 395
7 25
7 47
7 61
7 64
7 72
7 81
7 84
7 91
7 100
7 111
7 112
7 131
7 132
7 153
7 188
7 189
7 199
7 200
7 216
7 238
7 239
7 242
7 243
7 275
7 278
7 280
7 283
7 285
7 288
7 290
7 326
7 327
7 338
7 343
7 349
7 358
7 360
7 367
7 370
7 387
7 389
8 14
8 15
8 31
8 46
8 47
8 61
8 68
8 74
8 79
8 81
8 83
8 85
8 89
8 95
8 101
8 126
8 137
8 151
8 153
8 157
8 159
8 165
8 172
8 177
8 179
8 181
8 183
8 191
8 200
8 225
8 253
8 258
8 262
8 264
8 280
8 282
8 292
8 316
8 342
8 349
8 350
8 351
8 353
8 361
8 363
8 367
8 376
8 382
9 14
9 40
9 58
9 66
9 87
9 88
9 100
9 112
9 130
9 134
9 144
9 153
9 157
9 161
9 164
9 174
9 193
9 194
9 200
9 210
9 227
9 231
9 252
9 262
9 264
9 271
9 283
9 287
9 309
9 314
9 332
9 341
9 346
9 347
9 372
9 377
9 379
9 390
9 392
10 12
10 27
10 40
10 42
10 45
10 66
10 67
10 81
10 84
10 91
10 108
10 109
10 124
10 131
10 135
10 139
10 162
10 184
10 189
10 195
10 206
10 210
10 211
10 233
10 238
10 261
10 271
10 272
10 282
10 289
10 299
10 329
10 349
10 356
10 358
10 372
10 373
11 18
11 38
11 43
11 51
11 66
11 77
11 90
11 119
11 126
11 145
11 151
11 157
11 158
11 160
11 162
11 164
11 167
11 170
11 175
11 181
11 185
11 188
11 225
11 230
11 233
11 237
11 247
11 274
11 300
11 348
11 373
11 375
11 380
11 383
11 394
12 25
12 38
12 42
12 50
12 56
12 61
12 80
12 98
12 117
12 133
12 142
12 144
12 165
12 171
12 173
12 177
12 197
12 200
12 205
12 223
12 242
12 250
12 262
12 285
12 293
12 296
12 301
12 314
12 315
12 325
12 328
12 359
12 361
12 375
12 377
12 394
13 23
13 36
13 51
13 80
13 93
13 94
13 128
13 138
13 167
13 187
13 196
13 197
13 204
13 211
13 215
13 235
13 247
13 251
13 258
13 264
13 286
13 292
13 304
13 316
13 318
13 337
13 348
13 351
13 362
13 378
13 399
14 36
14 49
14 54
14 71
14 81
14 82
14 93
14 99
14 139
14 153
14 154
14 166
14 181
14 188
14 190
14 195
14 201
14 209
14 228
14 263
14 265
14 276
14 281
14 288
14 300
14 301
14 303
14 312
14 325
14 336
14 343
14 344
14 347
14 361
14 376
14 380
14 384
14 386
14 389
14 391
15 39
15 45
15 47
15 53
15 55
15 58
15 68
15 75
15 81
15 94
15 127
15 139
15 148
15 152
15 161
15 190
15 195
15 212
15 216
15 218
15 221
15 229
15 231
15 236
15 248
15 259
15 274
15 292
15 296
15 331
15 333
15 362
15 371
15 376
16 27
16 30
16 32
16 33
16 44
16 76
16 89
16 93
16 98
16 100
16 102
16 104
16 111
16 132
16 158
16 163
16 172
16 178
16 185
16 195
16 203
16 208
16 227
16 233
16 234
16 236
16 246
16 262
16 266
16 288
16 291
16 315
16 321
16 330
16 346
16 352
16 382
17 32
17 38
17 43
17 45
17 53
17 55
17 62
17 66
17 69
17 73
17 85
17 101
17 110
17 114
17 133
17 134
17 139
17 145
17 148
17 150
17 154
17 164
17 177
17 186
17 219
17 226
17 229
17 242
17 244
17 245
17 246
17 252
17 262
17 277
17 278
17 279
17 311
17 315
17 327
17 337
17 347
17 357
17 358
17 360
17 371
17 380
17 387
17 393
17 398
18 28
18 40
18 49
18 53
18 67
18 72
18 75
18 76
18 82
18 88
18 107
18 128
18 151
18 153
18 183
18 187
18 195
18 207
18 213
18 221
18 232
18 241
18 244
18 245
18 254
18 261
18 264
18 300
18 306
18 324
18 343
18 376
18 379
18 388
19 39
19 55
19 58
19 62
19 76
19 78
19 88
19 91
19 103
19 109
19 111
19 128
19 131
19 138
19 149
19 166
19 167
19 182
19 184
19 185
19 190
19 196
19 208
19 212
19 220
19 239
19 243
19 265
19 280
19 286
19 291
19 298
19 324
19 331
19 357
19 361
19 370
19 385
19 395
19 398
20 21
20 30
20 44
20 60
20 77
20 78
20 80
20 88
20 101
20 102
20 103
20 110
20 119
20 128
20 131
20 148
20 158
20 165
20 170
20 175
20 191
20 193
20 194
20 198
20 206
20 213
20 233
20 251
20 256
20 264
20 304
20 322
20 347
20 355
20 360
20 362
20 363
20 364
20 369
20 370
20 385
20 386
20 388
20 390
20 399
21 37
21 42
21 58
21 66
21 67
21 71
21 74
21 81
21 100
21 102
21 108
21 120
21 128
21 134
21 158
21 202
21 207
21 210
21 218
21 225
21 248
21 259
21 282
21 283
21 296
21 313
21 319
21 323
21 336
21 338
21 343
21 347
21 352
21 370
21 381
21 394
22 33
22 36
22 42
22 43
22 45
22 54
22 60
22 66
22 70
22 74
22 76
22 110
22 132
22 154
22 157
22 168
22 178
22 191
22 194
22 197
22 201
22 213
22 218
22 222
22 232
22 262
22 274
22 295
22 300
22 303
22 304
22 308
22 317
22 320
22 358
22 369
22 375
22 376
22 394
22 396
23 38
23 55
23 68
23 69
23 71
23 73
23 74
23 77
23 96
23 97
23 103
23 128
23 141
23 144
23 160
23 164
23 169
23 183
23 196
23 200
23 203
23 205
23 219
23 221
23 231
23 234
23 252
23 283
23 287
23 289
23 295
23 317
23 324
23 329
23 341
23 355
23 363
23 376
23 379
23 391
24 33
24 35
24 84
24 105
24 112
24 126
24 137
24 140
24 147
24 151
24 156
24 186
24 191
24 198
24 203
24 211
24 232
24 234
24 253
24 274
24 276
24 277
24 313
24 316
24 321
24 370
24 380
24 382
24 385
25 34
25 49
25 53
25 54
25 56
25 64
25 65
25 81
25 89
25 90
25 100
25 109
25 124
25 136
25 139
25 142
25 143
25 162
25 172
25 173
25 206
25 211
25 229
25 231
25 234
25 269
25 276
25 280
25 293
25 296
25 306
25 308
25 311
25 315
25 339
25 349
25 354
25 357
25 372
25 380
25 384
25 397
26 33
26 35
26 47
26 48
26 56
26 58
26 64
26 70
26 75
26 96
26 104
26 107
26 114
26 115
26 127
26 131
26 136
26 141
26 144
26 148
26 163
26 165
26 169
26 172
26 180
26 195
26 199
26 204
26 214
26 215
26 218
26 235
26 239
26 252
26 253
26 261
26 287
26 297
26 300
26 302
26 306
26 330
26 332
26 338
26 344
26 347
26 356
26 367
26 374
26 390
27 33
27 35
27 38
27 42
27 52
27 56
27 59
27 64
27 75
27 88
27 99
27 105
27 107
27 112
27 117
27 132
27 141
27 153
27 176
27 187
27 194
27 232
27 239
27 252
27 261
27 284
27 288
27 311
27 313
27 315
27 325
27 329
27 343
27 346
27 350
27 360
27 366
27 382
27 389
27 394
27 397
28 45
28 46
28 53
28 64
28 72
28 102
28 106
28 113
28 116
28 117
28 148
28 160
28 166
28 187
28 193
28 194
28 195
28 196
28 197
28 204
28 211
28 216
28 217
28 221
28 230
28 235
28 242
28 252
28 267
28 271
28 281
28 282
28 290
28 308
28 317
28 318
28 319
28 349
28 352
28 357
28 375
28 397
29 37
29 42
29 91
29 124
29 139
29 151
29 154
29 155
29 167
29 174
29 189
29 197
29 198
29 200
29 201
29 209
29 221
29 250
29 267
29 273
29 284
29 306
29 316
29 322
29 326
29 334
29 357
29 398
29 399
30 47
30 53
30 63
30 69
30 75
30 84
30 90
30 105
30 123
30 124
30 137
30 140
30 187
30 196
30 206
30 216
30 221
30 227
30 242
30 250
30 281
30 308
30 309
30 314
30 327
30 332
30 340
30 345
30 349
30 373
30 398
31 35
31 38
31 60
31 73
31 82
31 107
31 120
31 141
31 144
31 147
31 167
31 174
31 181
31 182
31 200
31 205
31 244
31 249
31 260
31 288
31 291
31 297
31 300
31 302
31 305
31 322
31 351
31 353
31 358
31 363
31 365
31 371
31 381
31 385
31 392
32 49
32 72
32 75
32 96
32 97
32 101
32 117
32 133
32 144
32 152
32 157
32 158
32 159
32 163
32 164
32 166
32 167
32 168
32 175
32 211
32 219
32 230
32 255
32 287
32 299
32 302
32 305
32 309
32 318
32 330
32 337
32 346
32 348
32 355
32 356
32 364
32 366
32 386
32 390
32 392
33 38
33 42
33 60
33 69
33 70
33 73
33 76
33 78
33 80
33 120
33 128
33 132
33 157
33 158
33 187
33 188
33 201
33 203
33 273
33 277
33 289
33 314
33 320
33 336
33 343
33 353
33 354
33 363
33 384
34 72
34 74
34 93
34 97
34 98
34 103
34 115
34 116
34 124
34 126
34 160
34 163
34 175
34 181
34 188
34 189
34 198
34 200
34 203
34 222
34 236
34 239
34 242
34 248
34 280
34 283
34 290
34 294
34 295
34 309
34 314
34 318
34 321
34 334
34 347
34 355
34 369
34 376
34 377
34 378
34 398
35 45
35 50
35 52
35 62
35 81
35 89
35 93
35 145
35 146
35 152
35 181
35 198
35 203
35 248
35 273
35 275
35 276
35 291
35 299
35 304
35 307
35 310
35 313
35 327
35 337
35 343
35 348
35 378
35 389
35 398
36 46
36 69
36 72
36 74
36 77
36 93
36 129
36 132
36 137
36 143
36 158
36 166
36 167
36 172
36 179
36 188
36 193
36 196
36 227
36 250
36 258
36 278
36 282
36 292
36 336
36 345
36 367
36 369
36 376
37 47
37 55
37 63
37 76
37 113
37 132
37 134
37 135
37 167
37 177
37 183
37 187
37 188
37 199
37 200
37 222
37 228
37 233
37 237
37 241
37 255
37 263
37 271
37 304
37 347
37 358
37 363
37 385
37 388
37 391
38 41
38 43
38 47
38 48
38 51
38 55
38 56
38 70
38 83
38 88
38 101
38 102
38 103
38 120
38 122
38 129
38 130
38 146
38 163
38 171
38 173
38 182
38 183
38 189
38 192
38 203
38 206
38 216
38 219
38 257
38 268
38 278
38 315
38 326
38 327
38 333
38 341
38 343
38 350
38 361
38 363
38 369
38 374
38 383
39 54
39 55
39 61
39 70
39 74
39 75
39 99
39 116
39 121
39 138
39 160
39 167
39 177
39 181
39 184
39 185
39 192
39 194
39 197
39 202
39 205
39 226
39 247
39 250
39 256
39 269
39 272
39 282
39 296
39 316
39 322
39 328
39 329
39 341
39 347
39 370
39 387
39 392
39 396
39 399
40 41
40 47
40 52
40 66
40 67
40 68
40 87
40 123
40 124
40 133
40 140
40 145
40 161
40 165
40 171
40 187
40 214
40 234
40 245
40 255
40 262
40 264
40 277
40 278
40 286
40 297
40 298
40 300
40 301
40 320
40 326
40 330
40 352
40 369
40 395
40 397
41 47
41 62
41 64
41 72
41 77
41 85
41 91
41 92
41 94
41 95
41 106
41 144
41 167
41 178
41 182
41 190
41 196
41 199
41 200
41 205
41 215
41 222
41 239
41 259
41 262
41 266
41 286
41 289
41 290
41 304
41 306
41 310
41 341
41 353
41 360
41 372
41 386
41 393
42 47
42 49
42 54
42 62
42 70
42 76
42 83
42 90
42 123
42 133
42 145
42 167
42 180
42 182
42 208
42 222
42 247
42 250
42 262
42 273
42 292
42 334
42 336
42 375
42 380
42 393
43 50
43 55
43 62
43 67
43 75
43 104
43 105
43 113
43 117
43 124
43 128
43 132
43 137
43 181
43 182
43 188
43 189
43 204
43 212
43 219
43 222
43 266
43 267
43 305
43 315
43 336
43 337
43 347
43 386
44 47
44 84
44 92
44 107
44 113
44 119
44 130
44 142
44 143
44 157
44 160
44 161
44 175
44 178
44 186
44 193
44 212
44 228
44 244
44 255
44 261
44 289
44 302
44 316
44 389
45 54
45 71
45 73
45 79
45 86
45 91
45 103
45 106
45 108
45 128
45 134
45 143
45 144
45 147
45 177
45 184
45 218
45 225
45 230
45 245
45 249
45 254
45 306
45 319
45 329
45 333
45 364
45 378
45 383
45 395
46 60
46 79
46 82
46 86
46 87
46 99
46 100
46 110
46 112
46 120
46 138
46 139
46 140
46 145
46 147
46 160
46 161
46 180
46 198
46 206
46 215
46 218
46 224
46 235
46 252
46 276
46 277
46 289
46 300
46 301
46 325
46 328
46 331
46 359
46 383
46 384
46 389
46 399
47 49
47 71
47 84
47 87
47 93
47 96
47 108
47 124
47 142
47 159
47 166
47 169
47 177
47 178
47 193
47 203
47 209
47 228
47 230
47 232
47 236
47 256
47 260
47 261
47 266
47 287
47 288
47 299
47 306
47 307
47 311
47 313
47 322
47 325
47 335
47 353
47 359
47 377
47 378
47 396
48 60
48 67
48 78
48 118
48 145
48 151
48 165
48 174
48 183
48 188
48 190
48 211
48 215
48 220
48 228
48 233
48 238
48 239
48 250
48 251
48 258
48 289
48 298
48 311
48 323
48 341
48 346
48 348
48 356
48 357
48 375
48 384
48 388
48 399
49 54
49 56
49 58
49 60
49 72
49 79
49 100
49 109
49 113
49 138
49 143
49 164
49 178
49 184
49 201
49 208
49 218
49 226
49 228
49 264
49 281
49 287
49 290
49 291
49 302
49 306
49 307
49 311
49 323
49 325
49 344
49 360
49 363
49 372
49 378
49 380
49 382
49 390
49 392
49 397
50 66
50 89
50 91
50 92
50 99
50 108
50 117
50 138
50 173
50 177
50 178
50 202
50 204
50 207
50 209
50 234
50 246
50 257
50 280
50 291
50 294
50 338
50 356
50 377
50 380
50 387
50 393
51 54
51 57
51 67
51 89
51 105
51 107
51 118
51 121
51 125
51 134
51 142
51 151
51 154
51 156
51 165
51 183
51 186
51 236
51 240
51 245
51 263
51 274
51 288
51 325
51 348
51 374
51 386
51 390
52 59
52 63
52 71
52 83
52 87
52 95
52 100
52 109
52 141
52 156
52 157
52 175
52 177
52 179
52 208
52 218
52 220
52 237
52 254
52 260
52 281
52 282
52 289
52 302
52 315
52 316
52 323
52 328
52 357
52 360
52 374
52 383
52 396
53 57
53 85
53 103
53 108
53 114
53 118
53 119
53 127
53 128
53 131
53 132
53 135
53 137
53 142
53 149
53 163
53 178
53 189
53 196
53 199
53 213
53 228
53 231
53 254
53 263
53 268
53 280
53 319
53 331
53 346
53 349
53 350
53 356
53 366
53 369
53 387
53 389
53 392
54 72
54 89
54 93
54 96
54 99
54 115
54 133
54 163
54 223
54 243
54 244
54 248
54 263
54 267
54 274
54 276
54 280
54 299
54 302
54 305
54 319
54 325
54 327
54 338
54 344
54 379
54 389
54 392
54 399
55 63
55 74
55 89
55 92
55 114
55 115
55 116
55 119
55 134
55 140
55 162
55 163
55 166
55 172
55 174
55 177
55 180
55 185
55 192
55 195
55 200
55 231
55 248
55 260
55 270
55 273
55 282
55 287
55 300
55 309
55 315
55 328
55 361
55 371
55 376
55 382
55 386
56 57
56 63
56 77
56 92
56 117
56 118
56 119
56 126
56 148
56 149
56 153
56 167
56 171
56 175
56 182
56 184
56 192
56 198
56 201
56 204
56 208
56 216
56 218
56 232
56 245
56 246
56 263
56 264
56 295
56 296
56 341
56 377
56 378
56 383
56 387
56 397
57 60
57 68
57 76
57 92
57 102
57 106
57 111
57 118
57 133
57 159
57 172
57 190
57 191
57 204
57 205
57 208
57 209
57 214
57 232
57 237
57 247
57 257
57 260
57 273
57 276
57 282
57 284
57 291
57 293
57 333
57 344
57 351
57 368
57 371
57 379
57 390
57 397
58 63
58 69
58 85
58 95
58 99
58 117
58 119
58 123
58 124
58 125
58 130
58 131
58 137
58 147
58 163
58 175
58 178
58 202
58 231
58 233
58 248
58 255
58 259
58 261
58 262
58 271
58 286
58 288
58 298
58 300
58 301
58 334
58 344
58 345
58 375
58 378
58 379
58 386
59 66
59 69
59 75
59 99
59 117
59 127
59 134
59 141
59 144
59 152
59 155
59 171
59 175
59 182
59 185
59 198
59 199
59 203
59 214
59 216
59 222
59 224
59 239
59 253
59 259
59 273
59 287
59 289
59 290
59 291
59 299
59 304
59 317
59 355
59 372
60 71
60 91
60 98
60 101
60 111
60 112
60 114
60 120
60 139
60 159
60 168
60 174
60 175
60 182
60 183
60 185
60 202
60 226
60 231
60 235
60 266
60 271
60 289
60 306
60 308
60 325
60 329
60 330
60 361
60 380
60 386
61 78
61 105
61 115
61 118
61 135
61 152
61 165
61 188
61 193
61 205
61 210
61 232
61 236
61 247
61 253
61 263
61 273
61 297
61 300
61 319
61 324
61 329
61 344
61 375
61 386
62 66
62 77
62 116
62 121
62 131
62 142
62 150
62 153
62 154
62 159
62 160
62 182
62 184
62 189
62 193
62 210
62 211
62 220
62 228
62 231
62 246
62 248
62 259
62 263
62 264
62 268
62 269
62 282
62 288
62 292
62 307
62 315
62 332
62 334
62 387
62 391
63 67
63 74
63 88
63 137
63 142
63 149
63 156
63 157
63 172
63 190
63 199
63 201
63 210
63 215
63 217
63 231
63 251
63 253
63 268
63 269
63 281
63 282
63 287
63 298
63 319
63 333
63 347
63 354
63 372
63 387
64 66
64 70
64 101
64 115
64 118
64 123
64 135
64 138
64 142
64 144
64 164
64 166
64 170
64 172
64 177
64 182
64 185
64 211
64 226
64 228
64 232
64 238
64 244
64 253
64 269
64 272
64 276
64 281
64 293
64 311
64 318
64 332
64 351
64 354
64 384
64 388
64 394
64 396
65 72
65 89
65 91
65 92
65 109
65 112
65 134
65 138
65 148
65 153
65 165
65 174
65 178
65 195
65 211
65 219
65 230
65 235
65 248
65 252
65 254
65 258
65 265
65 274
65 277
65 281
65 287
65 295
65 298
65 322
65 339
65 342
65 346
65 354
65 358
65 362
66 80
66 84
66 87
66 130
66 138
66 149
66 169
66 177
66 195
66 207
66 225
66 246
66 250
66 251
66 255
66 278
66 298
66 306
66 317
66 318
66 393
67 74
67 117
67 127
67 130
67 167
67 179
67 185
67 214
67 216
67 223
67 224
67 226
67 230
67 240
67 254
67 260
67 268
67 294
67 305
67 311
67 317
67 328
67 333
67 335
67 336
67 345
67 350
67 356
67 358
67 368
67 376
67 383
68 102
68 120
68 122
68 131
68 136
68 148
68 157
68 160
68 163
68 168
68 172
68 179
68 188
68 204
68 213
68 214
68 216
68 219
68 246
68 247
68 271
68 311
68 324
68 363
68 369
68 370
68 397
69 80
69 82
69 93
69 105
69 106
69 112
69 117
69 132
69 166
69 168
69 171
69 179
69 197
69 198
69 209
69 219
69 239
69 240
69 241
69 249
69 251
69 259
69 263
69 271
69 275
69 284
69 290
69 296
69 317
69 323
69 328
69 338
69 347
69 354
69 355
69 366
69 396
70 89
70 95
70 97
70 107
70 125
70 129
70 132
70 136
70 139
70 180
70 216
70 223
70 231
70 241
70 250
70 284
70 288
70 333
70 342
70 344
70 355
70 360
70 385
70 386
70 389
70 398
70 399
71 79
71 81
71 140
71 141
71 165
71 169
71 192
71 194
71 202
71 206
71 209
71 212
71 214
71 216
71 232
71 233
71 240
71 251
71 259
71 270
71 277
71 280
71 290
71 292
71 295
71 302
71 314
71 315
71 323
71 328
71 337
71 354
71 355
71 361
71 375
71 395
72 77
72 88
72 99
72 100
72 103
72 108
72 116
72 146
72 147
72 163
72 175
72 185
72 187
72 188
72 193
72 200
72 214
72 229
72 232
72 242
72 245
72 248
72 252
72 262
72 268
72 273
72 319
72 320
72 338
72 349
72 355
72 359
72 360
72 365
72 375
72 383
73 78
73 81
73 93
73 108
73 141
73 143
73 171
73 177
73 182
73 183
73 189
73 197
73 212
73 250
73 261
73 276
73 280
73 285
73 308
73 317
73 325
73 327
73 343
73 361
73 364
73 377
73 386
74 90
74 92
74 101
74 116
74 128
74 130
74 135
74 152
74 158
74 165
74 167
74 171
74 188
74 200
74 204
74 218
74 231
74 238
74 294
74 295
74 338
74 352
74 365
74 366
74 372
75 82
75 87
75 88
75 106
75 110
75 111
75 119
75 145
75 154
75 155
75 163
75 166
75 191
75 214
75 215
75 227
75 243
75 254
75 256
75 259
75 268
75 271
75 280
75 290
75 291
75 304
75 311
75 316
75 347
75 358
75 369
75 371
75 382
75 394
76 81
76 91
76 102
76 113
76 120
76 121
76 129
76 135
76 138
76 147
76 159
76 170
76 172
76 174
76 191
76 211
76 218
76 219
76 221
76 222
76 239
76 247
76 252
76 253
76 255
76 262
76 265
76 271
76 282
76 287
76 298
76 326
76 331
76 336
76 347
76 362
76 368
76 370
76 376
76 380
76 383
76 388
77 89
77 93
77 99
77 101
77 106
77 111
77 133
77 138
77 145
77 146
77 156
77 162
77 167
77 168
77 177
77 179
77 180
77 185
77 196
77 198
77 204
77 209
77 222
77 227
77 243
77 248
77 254
77 260
77 265
77 266
77 269
77 273
77 274
77 281
77 285
77 296
77 330
77 368
77 372
77 376
77 378
77 381
77 386
77 391
77 392
78 81
78 84
78 92
78 93
78 99
78 100
78 101
78 115
78 135
78 141
78 150
78 159
78 174
78 178
78 215
78 222
78 229
78 242
78 250
78 260
78 265
78 275
78 287
78 306
78 318
78 319
78 327
78 341
78 361
78 362
78 376
78 382
78 385
79 88
79 90
79 105
79 114
79 116
79 117
79 119
79 122
79 143
79 151
79 155
79 163
79 177
79 188
79 193
79 201
79 203
79 206
79 215
79 222
79 223
79 228
79 236
79 256
79 263
79 264
79 270
79 276
79 280
79 288
79 292
79 299
79 307
79 312
79 322
79 326
79 337
79 339
79 348
79 350
79 356
79 364
79 369
79 375
79 377
79 380
79 395
79 397
80 88
80 93
80 96
80 99
80 110
80 113
80 117
80 126
80 148
80 149
80 158
80 159
80 161
80 165
80 173
80 178
80 181
80 192
80 193
80 196
80 217
80 225
80 226
80 228
80 233
80 238
80 241
80 242
80 249
80 261
80 263
80 291
80 293
80 323
80 327
80 331
80 338
80 347
80 348
80 364
80 396
80 399
81 89
81 106
81 109
81 110
81 118
81 125
81 141
81 147
81 155
81 158
81 167
81 177
81 180
81 186
81 189
81 194
81 218
81 225
81 230
81 233
81 238
81 245
81 246
81 254
81 262
81 263
81 264
81 273
81 278
81 284
81 286
81 298
81 314
81 319
81 324
81 329
81 340
81 354
81 359
81 363
81 365
81 381
82 92
82 94
82 118
82 125
82 132
82 147
82 156
82 165
82 176
82 184
82 247
82 252
82 279
82 288
82 292
82 306
82 320
82 341
82 357
82 359
82 384
82 398
83 114
83 127
83 146
83 154
83 184
83 195
83 216
83 235
83 238
83 239
83 247
83 256
83 291
83 299
83 312
83 313
83 317
83 321
83 322
83 326
83 328
83 338
83 373
83 376
83 383
83 386
84 87
84 95
84 119
84 130
84 136
84 151
84 152
84 179
84 189
84 202
84 210
84 224
84 233
84 238
84 246
84 249
84 274
84 275
84 279
84 294
84 296
84 308
84 309
84 311
84 319
84 329
84 340
84 365
84 366
84 378
84 386
85 92
85 93
85 95
85 102
85 103
85 120
85 121
85 125
85 131
85 135
85 139
85 141
85 146
85 152
85 153
85 160
85 165
85 167
85 169
85 181
85 185
85 205
85 210
85 214
85 234
85 255
85 262
85 271
85 278
85 284
85 285
85 303
85 306
85 313
85 326
85 329
85 335
85 342
85 357
85 368
85 372
85 385
85 388
86 87
86 97
86 103
86 112
86 117
86 132
86 134
86 142
86 170
86 176
86 183
86 192
86 203
86 210
86 215
86 221
86 222
86 225
86 237
86 241
86 242
86 248
86 253
86 258
86 261
86 266
86 270
86 272
86 303
86 308
86 316
86 318
86 321
86 322
86 335
86 353
86 354
87 91
87 102
87 106
87 112
87 117
87 128
87 132
87 139
87 155
87 176
87 179
87 198
87 224
87 244
87 247
87 293
87 295
87 299
87 301
87 305
87 306
87 329
87 335
87 373
88 89
88 94
88 101
88 120
88 131
88 146
88 170
88 176
88 180
88 183
88 184
88 186
88 187
88 190
88 196
88 217
88 230
88 236
88 244
88 256
88 258
88 261
88 273
88 278
88 289
88 319
88 324
88 332
88 334
88 353
88 367
88 371
88 375
89 96
89 102
89 116
89 126
89 177
89 188
89 191
89 198
89 202
89 215
89 230
89 235
89 257
89 265
89 271
89 288
89 294
89 296
89 306
89 321
89 325
89 364
89 381
89 384
90 101
90 106
90 108
90 124
90 136
90 138
90 141
90 145
90 154
90 164
90 180
90 200
90 220
90 225
90 227
90 239
90 276
90 280
90 292
90 294
90 308
90 318
90 327
90 341
90 345
90 346
90 360
90 368
90 385
90 391
91 95
91 99
91 134
91 139
91 142
91 152
91 170
91 180
91 183
91 201
91 203
91 214
91 218
91 222
91 231
91 245
91 263
91 276
91 285
91 302
91 303
91 323
91 329
91 331
91 334
91 340
91 341
91 353
91 365
91 380
91 394
91 395
91 397
92 94
92 99
92 107
92 111
92 112
92 123
92 130
92 131
92 133
92 151
92 157
92 170
92 184
92 186
92 198
92 207
92 210
92 223
92 257
92 260
92 266
92 267
92 284
92 303
92 309
92 315
92 322
92 325
92 329
92 343
92 346
92 353
92 354
92 356
92 367
93 131
93 132
93 152
93 167
93 174
93 177
93 182
93 189
93 206
93 222
93 229
93 235
93 237
93 245
93 246
93 265
93 277
93 286
93 287
93 294
93 299
93 320
93 321
93 326
93 342
93 350
93 361
93 370
93 372
93 374
93 383
93 390
93 391
93 394
94 97
94 100
94 108
94 109
94 111
94 123
94 126
94 131
94 141
94 154
94 163
94 167
94 173
94 177
94 187
94 205
94 210
94 211
94 215
94 235
94 250
94 302
94 314
94 329
94 350
94 358
94 376
94 381
94 390
95 98
95 104
95 106
95 122
95 174
95 186
95 205
95 207
95 227
95 245
95 261
95 273
95 279
95 294
95 300
95 305
95 308
95 310
95 321
95 324
95 335
95 340
95 343
95 346
95 363
95 374
95 380
96 107
96 124
96 134
96 152
96 153
96 165
96 190
96 211
96 232
96 237
96 241
96 266
96 267
96 268
96 272
96 279
96 289
96 342
96 354
96 358
96 361
96 371
96 375
96 376
96 380
96 386
96 390
96 391
97 104
97 117
97 120
97 122
97 124
97 137
97 141
97 151
97 164
97 171
97 176
97 184
97 190
97 197
97 206
97 208
97 216
97 254
97 259
97 261
97 270
97 271
97 293
97 294
97 299
97 304
97 309
97 320
97 325
97 339
97 349
97 368
97 376
97 387
97 388
97 392
97 397
98 127
98 136
98 138
98 141
98 150
98 158
98 173
98 188
98 197
98 205
98 220
98 222
98 224
98 225
98 243
98 245
98 248
98 268
98 274
98 276
98 285
98 288
98 317
98 331
98 338
98 339
98 349
98 350
98 366
98 367
99 104
99 123
99 127
99 142
99 154
99 162
99 170
99 173
99 175
99 189
99 196
99 206
99 209
99 222
99 224
99 238
99 241
99 248
99 250
99 255
99 257
99 259
99 260
99 271
99 277
99 280
99 306
99 337
99 341
99 357
99 373
99 399
100 102
100 125
100 143
100 155
100 159
100 170
100 183
100 192
100 193
100 194
100 205
100 210
100 241
100 279
100 294
100 309
100 313
100 315
100 346
100 350
100 357
100 375
100 379
100 392
101 103
101 115
101 116
101 130
101 134
101 137
101 169
101 214
101 220
101 229
101 237
101 243
101 245
101 249
101 250
101 251
101 257
101 270
101 275
101 280
101 283
101 296
101 298
101 323
101 335
101 340
101 358
101 369
101 374
101 375
101 388
101 392
101 395
101 399
102 104
102 119
102 122
102 145
102 164
102 189
102 190
102 199
102 200
102 206
102 213
102 219
102 220
102 229
102 240
102 244
102 255
102 260
102 269
102 271
102 272
102 284
102 290
102 291
102 301
102 319
102 343
102 353
102 372
102 375
102 384
103 109
103 114
103 116
103 119
103 121
103 131
103 133
103 139
103 141
103 155
103 162
103 170
103 193
103 200
103 204
103 207
103 224
103 236
103 263
103 268
103 281
103 283
103 285
103 290
103 295
103 300
103 311
103 322
103 324
103 330
103 335
103 342
103 345
103 383
103 387
104 112
104 119
104 138
104 142
104 146
104 160
104 163
104 169
104 180
104 192
104 200
104 204
104 209
104 222
104 223
104 242
104 255
104 260
104 264
104 265
104 271
104 281
104 284
104 290
104 294
104 301
104 302
104 320
104 331
104 338
104 343
104 366
104 373
105 110
105 116
105 117
105 120
105 138
105 139
105 146
105 159
105 164
105 165
105 166
105 180
105 206
105 216
105 217
105 231
105 236
105 252
105 253
105 286
105 338
105 345
105 356
105 377
105 378
106 113
106 114
106 116
106 121
106 127
106 138
106 148
106 149
106 159
106 187
106 192
106 195
106 215
106 220
106 230
106 231
106 235
106 241
106 255
106 265
106 270
106 292
106 305
106 322
106 323
106 329
106 330
106 332
106 336
106 357
106 364
106 387
107 116
107 117
107 119
107 123
107 136
107 137
107 138
107 148
107 154
107 171
107 182
107 190
107 197
107 216
107 238
107 244
107 256
107 263
107 264
107 270
107 323
107 345
107 347
107 348
107 359
107 367
107 371
107 385
108 118
108 136
108 144
108 158
108 165
108 181
108 196
108 215
108 237
108 248
108 265
108 269
108 270
108 278
108 281
108 301
108 308
108 318
108 342
108 356
108 384
108 395
109 130
109 137
109 149
109 175
109 180
109 184
109 201
109 213
109 217
109 222
109 223
109 249
109 259
109 271
109 285
109 291
109 292
109 303
109 309
109 312
109 316
109 322
109 323
109 326
109 353
109 355
109 362
109 370
109 373
110 136
110 140
110 168
110 180
110 194
110 203
110 219
110 224
110 232
110 252
110 259
110 274
110 282
110 290
110 294
110 307
110 311
110 321
110 323
110 324
110 341
110 364
110 387
111 121
111 144
111 155
111 177
111 181
111 184
111 205
111 207
111 208
111 248
111 255
111 275
111 295
111 305
111 317
111 339
111 348
111 363
111 372
111 379
111 380
111 389
111 396
111 399
112 115
112 119
112 134
112 135
112 140
112 142
112 143
112 148
112 168
112 180
112 184
112 193
112 200
112 201
112 214
112 218
112 231
112 267
112 273
112 275
112 286
112 291
112 295
112 297
112 305
112 307
112 321
112 332
112 348
112 354
112 356
112 359
112 368
112 380
112 385
112 396
113 115
113 116
113 143
113 146
113 159
113 171
113 173
113 183
113 192
113 194
113 195
113 209
113 210
113 216
113 242
113 243
113 245
113 270
113 283
113 284
113 287
113 290
113 309
113 337
113 344
113 369
113 376
113 388
113 389
113 391
114 117
114 153
114 158
114 173
114 183
114 206
114 214
114 226
114 229
114 249
114 252
114 257
114 285
114 288
114 296
114 328
114 331
114 332
114 333
114 334
114 337
114 343
114 365
114 373
114 376
114 377
114 392
115 117
115 118
115 127
115 128
115 137
115 139
115 167
115 168
115 179
115 182
115 184
115 192
115 195
115 213
115 226
115 227
115 252
115 258
115 265
115 273
115 285
115 286
115 295
115 306
115 327
115 331
115 340
115 349
115 365
115 376
115 388
115 391
115 393
115 397
116 120
116 130
116 139
116 146
116 162
116 176
116 199
116 206
116 231
116 239
116 245
116 246
116 267
116 287
116 295
116 300
116 313
116 333
116 339
116 340
116 343
116 398
117 142
117 147
117 170
117 186
117 188
117 191
117 195
117 205
117 207
117 214
117 217
117 228
117 242
117 245
117 270
117 273
117 281
117 285
117 290
117 295
117 308
117 310
117 331
117 334
117 345
117 368
117 375
117 386
118 131
118 133
118 140
118 141
118 144
118 161
118 166
118 173
118 174
118 184
118 194
118 199
118 200
118 235
118 236
118 266
118 271
118 303
118 311
118 317
118 355
118 356
118 358
118 376
118 382
118 390
118 395
119 128
119 134
119 180
119 194
119 237
119 242
119 252
119 263
119 281
119 306
119 308
119 319
119 336
119 338
119 340
119 362
119 365
119 370
119 371
119 376
119 383
119 397
120 166
120 168
120 192
120 193
120 197
120 200
120 209
120 212
120 217
120 227
120 248
120 252
120 254
120 257
120 261
120 269
120 284
120 292
120 300
120 305
120 306
120 334
120 360
120 362
120 364
120 368
120 397
121 125
121 129
121 133
121 143
121 153
121 167
121 190
121 192
121 210
121 211
121 221
121 224
121 226
121 231
121 234
121 258
121 261
121 290
121 296
121 308
121 318
121 335
121 366
121 370
121 372
121 373
121 377
121 379
121 386
121 388
121 392
122 133
122 141
122 157
122 159
122 196
122 199
122 220
122 224
122 228
122 235
122 239
122 249
122 255
122 269
122 276
122 279
122 284
122 295
122 302
122 306
122 309
122 316
122 351
122 355
122 357
122 361
122 366
123 154
123 166
123 175
123 177
123 178
123 209
123 212
123 218
123 231
123 232
123 249
123 254
123 258
123 272
123 282
123 290
123 297
123 300
123 302
123 304
123 306
123 323
124 130
124 139
124 150
124 153
124 157
124 184
124 199
124 203
124 205
124 210
124 219
124 234
124 253
124 267
124 274
124 293
124 294
124 295
124 316
124 357
124 363
124 377
124 388
124 389
124 391
124 392
125 131
125 135
125 136
125 138
125 142
125 144
125 163
125 166
125 168
125 186
125 198
125 221
125 257
125 266
125 268
125 277
125 284
125 288
125 289
125 290
125 308
125 311
125 312
125 315
125 334
125 345
125 350
125 366
125 371
125 373
125 377
125 383
125 385
125 392
126 127
126 140
126 149
126 153
126 157
126 177
126 188
126 193
126 199
126 201
126 205
126 211
126 219
126 221
126 223
126 229
126 235
126 242
126 247
126 263
126 270
126 274
126 277
126 309
126 313
126 318
126 320
126 331
126 336
126 344
126 378
126 380
126 394
127 150
127 163
127 165
127 169
127 172
127 195
127 209
127 236
127 253
127 264
127 266
127 271
127 286
127 297
127 298
127 300
127 304
127 316
127 359
127 366
127 378
127 379
127 380
128 131
128 135
128 161
128 191
128 199
128 206
128 213
128 216
128 223
128 229
128 255
128 266
128 297
128 318
128 320
128 323
128 342
128 347
128 352
128 362
128 377
128 381
129 131
129 135
129 140
129 176
129 180
129 195
129 198
129 217
129 228
129 231
129 237
129 248
129 255
129 258
129 260
129 276
129 282
129 292
129 297
129 312
129 331
129 339
130 134
130 143
130 145
130 193
130 199
130 207
130 210
130 220
130 272
130 273
130 279
130 295
130 312
130 318
130 338
130 344
130 352
130 355
130 361
130 363
130 364
130 374
130 384
130 387
130 399
131 144
131 152
131 165
131 177
131 180
131 183
131 188
131 199
131 206
131 216
131 217
131 220
131 224
131 226
131 236
131 240
131 245
131 253
131 255
131 256
131 294
131 299
131 311
131 329
131 338
131 339
131 341
131 344
131 368
131 373
131 377
131 394
132 159
132 162
132 171
132 182
132 191
132 193
132 194
132 221
132 225
132 228
132 239
132 244
132 250
132 262
132 274
132 276
132 279
132 299
132 300
132 310
132 315
132 316
132 317
132 327
132 330
132 337
132 339
132 340
132 357
132 362
133 144
133 160
133 164
133 167
133 176
133 194
133 209
133 240
133 241
133 255
133 260
133 279
133 282
133 284
133 285
133 314
133 318
133 321
133 325
133 333
133 334
133 343
133 346
133 370
134 137
134 140
134 144
134 155
134 181
134 186
134 241
134 250
134 296
134 300
134 307
134 312
134 318
134 352
134 353
134 355
134 369
134 383
134 384
134 395
134 398
135 136
135 142
135 147
135 148
135 151
135 156
135 161
135 167
135 176
135 179
135 206
135 209
135 212
135 217
135 225
135 233
135 239
135 248
135 255
135 260
135 266
135 270
135 287
135 290
135 301
135 312
135 321
135 326
135 327
135 343
135 345
135 348
135 360
135 363
135 375
136 185
136 199
136 209
136 217
136 222
136 233
136 241
136 249
136 257
136 286
136 294
136 307
136 308
136 313
136 317
136 357
137 142
137 143
137 167
137 183
137 198
137 211
137 218
137 219
137 232
137 257
137 264
137 275
137 276
137 295
137 322
137 333
137 356
137 362
137 376
137 381
137 389
137 396
138 139
138 187
138 188
138 190
138 195
138 246
138 251
138 255
138 267
138 274
138 291
138 326
138 327
138 335
138 350
138 351
138 357
138 366
138 385
139 141
139 145
139 162
139 164
139 167
139 183
139 194
139 207
139 215
139 222
139 224
139 230
139 232
139 241
139 248
139 249
139 259
139 261
139 271
139 273
139 281
139 294
139 313
139 337
139 348
139 351
139 364
139 380
139 384
139 390
139 391
140 143
140 145
140 164
140 170
140 174
140 179
140 196
140 202
140 204
140 209
140 223
140 228
140 254
140 257
140 279
140 293
140 305
140 312
140 331
140 332
140 345
140 352
140 360
140 371
140 380
140 384
141 146
141 147
141 157
141 186
141 198
141 216
141 234
141 241
141 258
141 259
141 265
141 276
141 284
141 286
141 287
141 300
141 305
141 344
141 346
141 353
141 355
141 375
141 386
142 147
142 163
142 170
142 184
142 205
142 209
142 228
142 233
142 247
142 261
142 263
142 277
142 278
142 285
142 293
142 304
142 344
142 346
142 351
142 357
142 364
142 382
142 389
143 151
143 158
143 162
143 164
143 175
143 178
143 183
143 207
143 208
143 210
143 213
143 215
143 224
143 248
143 249
143 258
143 267
143 286
143 299
143 313
143 316
143 320
143 332
143 343
143 358
143 365
143 368
143 378
144 163
144 174
144 192
144 200
144 203
144 204
144 216
144 234
144 236
144 241
144 248
144 252
144 261
144 268
144 296
144 309
144 311
144 317
144 326
144 339
144 342
144 344
144 349
144 384
144 389
144 393
144 397
144 399
145 148
145 151
145 159
145 163
145 234
145 240
145 246
145 249
145 251
145 256
145 260
145 274
145 277
145 286
145 315
145 345
145 350
145 353
145 361
145 388
146 178
146 181
146 185
146 193
146 196
146 206
146 223
146 246
146 248
146 263
146 265
146 276
146 283
146 284
146 287
146 288
146 295
146 304
146 305
146 308
146 319
146 335
146 336
146 346
146 370
146 379
146 390
147 158
147 166
147 172
147 177
147 196
147 214
147 222
147 226
147 250
147 255
147 265
147 286
147 290
147 300
147 311
147 313
147 316
147 352
147 363
147 392
147 393
147 394
147 397
147 399
148 151
148 152
148 163
148 173
148 185
148 194
148 210
148 213
148 214
148 216
148 237
148 248
148 259
148 260
148 285
148 300
148 336
148 342
148 370
148 374
148 375
149 157
149 167
149 171
149 175
149 183
149 186
149 206
149 228
149 252
149 253
149 260
149 303
149 318
149 319
149 325
149 329
149 335
149 344
149 345
149 348
149 350
149 365
149 377
149 381
149 399
150 168
150 177
150 185
150 193
150 206
150 209
150 222
150 236
150 244
150 247
150 249
150 270
150 279
150 290
150 304
150 313
150 330
150 340
150 352
150 356
150 359
150 376
150 386
150 394
150 395
151 152
151 164
151 171
151 172
151 181
151 184
151 187
151 188
151 193
151 211
151 220
151 225
151 242
151 248
151 250
151 279
151 289
151 296
151 328
151 332
151 355
151 360
151 361
151 367
151 378
151 379
151 384
151 394
151 396
152 174
152 175
152 178
152 185
152 201
152 203
152 207
152 209
152 211
152 249
152 271
152 272
152 287
152 293
152 300
152 331
152 344
152 350
152 365
152 368
152 375
152 393
153 177
153 178
153 179
153 200
153 201
153 204
153 231
153 239
153 244
153 250
153 282
153 310
153 324
153 333
153 349
153 354
153 357
153 364
153 367
153 394
153 395
154 155
154 170
154 171
154 189
154 191
154 193
154 205
154 210
154 213
154 221
154 235
154 240
154 250
154 262
154 267
154 273
154 314
154 320
154 323
154 331
154 344
154 351
154 367
154 378
154 382
154 395
155 164
155 179
155 192
155 197
155 203
155 207
155 210
155 217
155 257
155 261
155 268
155 271
155 272
155 292
155 297
155 310
155 311
155 332
155 341
155 359
155 380
155 390
155 396
156 158
156 179
156 192
156 201
156 211
156 221
156 224
156 240
156 244
156 254
156 261
156 286
156 287
156 288
156 303
156 359
156 361
156 377
156 380
156 382
156 388
157 161
157 169
157 176
157 177
157 192
157 197
157 203
157 211
157 219
157 226
157 260
157 261
157 263
157 264
157 270
157 273
157 286
157 289
157 290
157 307
157 309
157 319
157 325
157 328
157 330
157 342
157 344
157 365
157 372
157 387
157 390
157 398
158 175
158 181
158 185
158 193
158 200
158 225
158 227
158 229
158 237
158 256
158 262
158 268
158 279
158 302
158 314
158 319
158 321
158 329
158 335
158 363
158 377
158 378
158 397
159 163
159 172
159 177
159 188
159 196
159 208
159 211
159 219
159 221
159 236
159 255
159 259
159 260
159 277
159 281
159 288
159 290
159 292
159 293
159 333
159 342
159 356
159 373
159 382
159 384
159 389
159 398
159 399
160 162
160 175
160 176
160 178
160 184
160 197
160 201
160 203
160 224
160 244
160 271
160 278
160 281
160 326
160 335
160 339
160 347
160 350
160 351
160 352
160 373
160 397
161 168
161 172
161 185
161 224
161 225
161 226
161 243
161 245
161 246
161 253
161 265
161 269
161 280
161 299
161 339
161 341
161 346
161 379
161 385
161 390
161 391
162 169
162 175
162 181
162 183
162 185
162 197
162 203
162 234
162 237
162 251
162 277
162 278
162 306
162 313
162 315
162 328
162 331
162 333
162 354
162 376
162 380
162 388
163 173
163 177
163 186
163 189
163 200
163 204
163 214
163 223
163 227
163 229
163 231
163 276
163 279
163 280
163 281
163 287
163 290
163 309
163 312
163 313
163 329
163 350
163 355
163 356
163 359
163 363
163 368
163 378
163 382
163 390
163 393
164 167
164 169
164 175
164 186
164 190
164 193
164 195
164 199
164 217
164 220
164 225
164 240
164 258
164 262
164 274
164 280
164 289
164 292
164 293
164 297
164 310
164 316
164 338
164 340
164 343
164 349
164 354
164 359
164 360
164 364
164 374
164 385
164 391
165 188
165 194
165 203
165 210
165 211
165 215
165 223
165 226
165 244
165 250
165 251
165 261
165 278
165 281
165 282
165 286
165 289
165 293
165 320
165 321
165 322
165 327
165 336
165 346
165 349
165 358
165 359
165 360
165 379
165 388
165 389
165 391
165 399
166 185
166 187
166 193
166 206
166 211
166 212
166 215
166 216
166 230
166 231
166 255
166 257
166 275
166 278
166 287
166 288
166 291
166 302
166 307
166 313
166 318
166 322
166 323
166 330
166 340
166 356
166 357
166 362
166 367
166 378
166 388
166 396
167 171
167 186
167 196
167 224
167 230
167 247
167 274
167 278
167 301
167 315
167 322
167 324
167 335
167 351
167 358
167 360
167 385
167 386
168 170
168 194
168 198
168 211
168 220
168 233
168 235
168 248
168 272
168 275
168 297
168 311
168 325
168 346
168 358
168 359
168 361
168 365
168 366
169 170
169 177
169 179
169 180
169 198
169 211
169 224
169 245
169 249
169 250
169 267
169 275
169 281
169 291
169 292
169 299
169 304
169 307
169 310
169 314
169 327
169 336
169 341
169 350
169 353
169 366
169 370
169 381
169 396
170 179
170 213
170 216
170 222
170 231
170 232
170 240
170 265
170 281
170 293
170 302
170 323
170 336
170 343
170 344
170 359
170 360
170 393
170 397
170 398
171 173
171 209
171 213
171 220
171 227
171 263
171 272
171 280
171 289
171 299
171 302
171 322
171 325
171 331
171 334
171 335
171 341
171 343
171 356
171 370
171 372
171 394
171 395
172 182
172 212
172 238
172 254
172 264
172 288
172 289
172 296
172 304
172 305
172 307
172 332
172 334
172 336
172 340
172 365
172 373
173 180
173 185
173 197
173 199
173 219
173 220
173 221
173 230
173 238
173 247
173 250
173 276
173 300
173 339
173 343
173 347
173 362
173 376
173 392
174 177
174 182
174 188
174 195
174 205
174 209
174 241
174 243
174 268
174 269
174 275
174 276
174 279
174 281
174 296
174 320
174 333
174 334
174 352
174 363
174 365
174 370
174 387
174 388
175 192
175 196
175 206
175 211
175 220
175 234
175 239
175 250
175 261
175 262
175 270
175 279
175 280
175 288
175 300
175 305
175 320
175 330
175 334
175 338
175 342
175 348
175 352
175 356
175 372
175 380
175 391
176 181
176 187
176 200
176 204
176 208
176 217
176 238
176 239
176 271
176 278
176 300
176 303
176 314
176 321
176 350
176 382
177 186
177 189
177 209
177 211
177 249
177 256
177 265
177 287
177 291
177 295
177 327
177 337
177 339
177 340
177 346
177 353
177 356
177 367
177 390
177 393
178 185
178 186
178 188
178 199
178 200
178 201
178 203
178 207
178 227
178 237
178 246
178 254
178 261
178 263
178 268
178 269
178 286
178 301
178 304
178 307
178 308
178 346
178 364
178 395
179 196
179 198
179 201
179 202
179 203
179 204
179 212
179 225
179 226
179 230
179 245
179 246
179 278
179 338
179 341
179 351
179 359
179 365
179 367
179 368
179 371
179 382
180 184
180 187
180 194
180 197
180 234
180 235
180 239
180 245
180 251
180 262
180 269
180 282
180 289
180 290
180 295
180 301
180 313
180 314
180 318
180 320
180 326
180 333
180 335
180 336
180 363
180 380
181 188
181 202
181 210
181 246
181 252
181 254
181 261
181 282
181 284
181 286
181 291
181 307
181 310
181 316
181 318
181 324
181 326
181 352
181 381
181 382
181 383
181 389
181 391
181 396
182 204
182 208
182 214
182 217
182 219
182 221
182 222
182 223
182 241
182 267
182 276
182 281
182 288
182 301
182 307
182 310
182 311
182 319
182 328
182 345
182 386
183 186
183 193
183 194
183 200
183 207
183 210
183 218
183 220
183 228
183 239
183 240
183 275
183 280
183 291
183 293
183 296
183 299
183 300
183 319
183 321
183 322
183 325
183 331
183 332
183 333
183 338
183 399
184 194
184 200
184 202
184 215
184 226
184 264
184 279
184 298
184 300
184 308
184 312
184 340
184 351
184 352
184 355
184 398
185 193
185 204
185 223
185 230
185 233
185 249
185 263
185 274
185 281
185 331
185 334
185 340
185 342
185 343
185 358
185 370
185 376
185 389
185 391
185 394
185 399
186 214
186 217
186 228
186 229
186 240
186 260
186 266
186 274
186 293
186 298
186 312
186 320
186 334
186 345
186 347
186 366
186 394
186 395
187 193
187 216
187 219
187 220
187 228
187 231
187 246
187 259
187 284
187 285
187 286
187 287
187 289
187 291
187 342
187 357
187 362
187 395
188 194
188 196
188 198
188 201
188 213
188 215
188 217
188 225
188 233
188 234
188 237
188 245
188 259
188 267
188 272
188 273
188 281
188 283
188 303
188 328
188 341
188 342
188 360
188 363
188 369
188 371
188 374
188 388
188 389
189 190
189 197
189 205
189 223
189 231
189 235
189 247
189 272
189 296
189 312
189 319
189 320
189 322
189 327
189 331
189 341
189 344
189 349
189 355
189 359
189 365
189 367
189 375
189 389
190 192
190 195
190 201
190 205
190 215
190 216
190 239
190 248
190 250
190 254
190 256
190 271
190 283
190 284
190 316
190 317
190 318
190 336
190 340
190 342
190 343
190 358
190 392
191 195
191 201
191 204
191 259
191 260
191 274
191 298
191 313
191 318
191 320
191 343
191 344
191 349
191 351
191 353
191 363
191 367
191 368
191 387
191 398
191 399
192 193
192 199
192 200
192 205
192 214
192 221
192 224
192 228
192 235
192 260
192 303
192 321
192 329
192 330
192 354
192 358
192 365
192 368
192 377
192 380
192 392
193 196
193 199
193 211
193 243
193 246
193 277
193 281
193 290
193 308
193 317
193 348
193 353
193 361
193 374
193 382
193 389
193 392
194 214
194 218
194 255
194 292
194 295
194 312
194 322
194 326
194 328
194 330
194 331
194 332
194 336
194 343
194 346
194 364
194 372
194 388
194 390
195 196
195 197
195 209
195 218
195 231
195 250
195 251
195 252
195 266
195 271
195 282
195 285
195 295
195 296
195 311
195 322
195 329
195 339
195 348
195 356
195 360
195 370
195 382
195 385
196 203
196 206
196 221
196 226
196 239
196 240
196 248
196 251
196 256
196 264
196 288
196 292
196 301
196 304
196 310
196 352
196 357
196 363
196 367
196 370
196 372
196 374
196 380
196 381
196 390
197 203
197 206
197 276
197 283
197 294
197 299
197 310
197 313
197 323
197 324
197 343
197 357
197 373
197 384
197 398
198 218
198 220
198 234
198 236
198 245
198 262
198 264
198 268
198 269
198 277
198 278
198 290
198 314
198 318
198 320
198 327
198 332
198 340
198 347
198 357
198 368
198 370
198 387
198 388
199 213
199 214
199 215
199 219
199 243
199 258
199 269
199 277
199 292
199 317
199 326
199 328
199 340
199 364
199 365
199 369
199 384
199 386
199 393
200 226
200 251
200 253
200 264
200 269
200 271
200 303
200 318
200 345
200 357
200 368
201 208
201 212
201 216
201 217
201 235
201 236
201 301
201 329
201 332
201 336
201 337
201 371
201 378
201 380
201 390
201 391
202 211
202 246
202 263
202 267
202 268
202 271
202 287
202 294
202 303
202 324
202 329
202 347
202 365
202 370
202 373
202 377
203 210
203 219
203 223
203 229
203 240
203 257
203 268
203 271
203 308
203 329
203 334
203 352
203 361
203 364
203 365
203 368
203 374
203 377
203 398
204 209
204 215
204 217
204 239
204 256
204 277
204 284
204 307
204 309
204 311
204 316
204 317
204 344
204 353
204 378
204 379
204 387
205 206
205 213
205 219
205 220
205 236
205 246
205 251
205 259
205 273
205 292
205 299
205 302
205 306
205 308
205 319
205 328
205 329
205 352
205 358
205 366
205 367
205 370
205 375
205 377
206 220
206 232
206 234
206 242
206 246
206 254
206 279
206 286
206 298
206 340
206 344
206 346
206 348
206 350
206 373
206 375
206 379
206 388
206 397
207 211
207 212
207 237
207 238
207 246
207 263
207 268
207 294
207 314
207 330
207 334
207 355
207 365
207 396
208 210
208 229
208 264
208 309
208 325
208 330
208 332
208 333
208 338
208 344
208 349
208 362
208 373
208 378
208 390
209 211
209 223
209 231
209 245
209 252
209 263
209 264
209 296
209 310
209 317
209 320
209 346
209 351
209 362
209 371
209 382
210 223
210 228
210 236
210 243
210 249
210 255
210 290
210 296
210 301
210 309
210 315
210 339
210 341
210 348
210 351
210 382
210 394
211 220
211 225
211 227
211 239
211 241
211 261
211 263
211 270
211 271
211 283
211 287
211 290
211 291
211 304
211 307
211 314
211 317
211 327
211 330
211 334
211 340
211 342
211 363
211 370
211 374
211 381
211 389
212 218
212 220
212 228
212 230
212 234
212 236
212 249
212 250
212 256
212 258
212 264
212 273
212 275
212 278
212 287
212 304
212 307
212 337
212 339
212 347
212 383
212 388
212 396
213 231
213 246
213 265
213 269
213 280
213 285
213 311
213 322
213 323
213 337
213 338
213 344
213 350
213 356
213 360
213 363
213 378
213 388
213 390
214 220
214 240
214 281
214 289
214 290
214 296
214 312
214 316
214 338
214 349
214 355
214 363
214 379
214 381
214 396
215 216
215 224
215 226
215 244
215 259
215 262
215 271
215 273
215 275
215 281
215 288
215 304
215 322
215 324
215 343
215 345
215 352
215 368
215 382
215 385
215 395
215 398
215 399
216 217
216 225
216 231
216 251
216 259
216 266
216 292
216 301
216 305
216 311
216 316
216 328
216 338
216 348
216 352
216 360
216 368
216 371
217 218
217 225
217 227
217 246
217 247
217 251
217 252
217 260
217 262
217 268
217 272
217 285
217 294
217 303
217 306
217 323
217 366
217 371
217 388
217 395
218 228
218 239
218 258
218 259
218 271
218 283
218 301
218 305
218 310
218 316
218 337
218 345
218 361
218 367
218 368
218 370
218 377
218 380
218 381
218 396
219 224
219 245
219 256
219 270
219 296
219 300
219 302
219 310
219 313
219 316
219 331
219 345
219 350
219 351
219 353
219 371
219 395
219 397
219 398
220 221
220 245
220 261
220 263
220 268
220 278
220 287
220 290
220 300
220 312
220 323
220 331
220 338
220 347
220 349
220 370
221 238
221 243
221 264
221 270
221 276
221 295
221 305
221 320
221 323
221 324
221 330
221 356
221 362
221 368
221 371
221 380
221 397
221 399
222 223
222 227
222 236
222 248
222 250
222 272
222 280
222 290
222 310
222 316
222 320
222 330
222 333
222 340
222 354
222 358
222 367
222 378
222 392
223 227
223 240
223 247
223 250
223 251
223 253
223 271
223 278
223 299
223 304
223 317
223 347
223 359
223 360
223 376
223 381
223 384
224 225
224 233
224 254
224 260
224 271
224 288
224 299
224 305
224 325
224 342
224 360
224 368
224 369
224 389
224 393
224 396
224 397
225 246
225 262
225 273
225 274
225 293
225 304
225 331
225 332
225 335
225 336
225 342
225 352
225 358
225 359
225 371
225 383
225 385
225 397
226 232
226 237
226 244
226 255
226 279
226 304
226 308
226 312
226 318
226 347
226 360
226 361
226 365
226 375
226 380
227 233
227 234
227 241
227 247
227 253
227 266
227 272
227 289
227 295
227 296
227 306
227 310
227 312
227 326
227 332
227 334
227 343
227 360
227 363
227 378
227 385
227 387
227 393
228 238
228 252
228 266
228 270
228 271
228 279
228 281
228 299
228 306
228 332
228 350
228 391
228 398
229 246
229 253
229 260
229 320
229 322
229 325
229 331
229 342
229 352
229 368
229 385
229 388
229 398
230 233
230 242
230 250
230 255
230 258
230 267
230 268
230 273
230 282
230 286
230 316
230 333
230 336
230 340
230 377
230 387
231 239
231 240
231 261
231 262
231 274
231 278
231 299
231 301
231 304
231 305
231 315
231 357
231 364
231 365
231 374
231 382
232 233
232 235
232 248
232 249
232 256
232 264
232 277
232 283
232 285
232 294
232 315
232 316
232 320
232 329
232 335
232 359
232 375
232 383
232 392
232 396
233 235
233 239
233 242
233 255
233 266
233 270
233 280
233 288
233 289
233 296
233 317
233 321
233 325
233 334
233 351
233 354
233 370
233 378
233 381
233 386
233 387
234 252
234 253
234 261
234 289
234 292
234 301
234 314
234 316
234 317
234 321
234 327
234 364
234 365
234 369
234 380
234 387
234 388
235 246
235 272
235 285
235 289
235 291
235 301
235 336
235 380
235 390
236 237
236 245
236 248
236 251
236 256
236 260
236 276
236 281
236 299
236 302
236 303
236 310
236 316
236 320
236 330
236 346
236 349
236 368
236 369
236 370
236 371
236 373
236 378
236 381
236 392
237 243
237 247
237 250
237 274
237 280
237 283
237 299
237 333
237 342
237 347
237 351
237 356
237 363
237 389
238 262
238 322
238 329
238 333
238 343
238 347
238 350
238 373
239 254
239 262
239 275
239 277
239 291
239 294
239 305
239 314
239 318
239 337
239 389
239 390
239 391
240 243
240 247
240 257
240 283
240 294
240 306
240 312
240 326
240 334
240 344
240 355
240 359
240 369
240 376
240 380
240 392
240 395
240 396
241 244
241 253
241 254
241 268
241 283
241 307
241 312
241 318
241 326
241 331
241 353
241 377
241 379
241 380
242 258
242 261
242 271
242 275
242 289
242 291
242 311
242 315
242 335
242 343
242 354
242 356
242 364
243 248
243 260
243 270
243 303
243 311
243 323
243 346
243 349
243 363
243 375
243 378
244 245
244 247
244 252
244 256
244 259
244 279
244 309
244 319
244 321
244 322
244 325
244 349
244 352
244 383
244 387
244 394
244 398
245 246
245 266
245 269
245 274
245 286
245 309
245 312
245 316
245 327
245 328
245 335
245 344
245 352
245 353
245 363
245 387
245 388
246 254
246 273
246 284
246 310
246 359
246 368
246 380
247 289
247 300
247 309
247 313
247 338
247 342
247 360
247 384
247 395
248 251
248 252
248 272
248 277
248 283
248 308
248 310
248 311
248 313
248 314
248 336
248 345
248 349
248 387
249 254
249 258
249 272
249 284
249 292
249 322
249 335
249 352
249 361
249 367
249 378
249 380
249 384
249 389
250 261
250 281
250 298
250 300
250 304
250 313
250 318
250 326
250 336
250 338
250 341
250 350
250 358
250 364
250 387
250 397
250 399
251 257
251 258
251 262
251 267
251 269
251 280
251 304
251 308
251 315
251 351
251 357
251 364
251 374
251 378
251 387
251 388
251 392
252 254
252 255
252 268
252 271
252 272
252 279
252 290
252 292
252 296
252 316
252 326
252 339
252 358
252 362
252 363
252 364
252 372
252 381
252 387
253 260
253 268
253 301
253 315
253 324
253 338
253 343
253 354
253 360
253 374
253 381
253 391
254 280
254 282
254 284
254 289
254 290
254 293
254 298
254 314
254 321
254 325
254 334
254 339
254 355
254 379
254 383
254 384
254 386
254 398
255 268
255 284
255 307
255 311
255 322
255 333
255 346
255 367
255 373
255 399
256 263
256 265
256 266
256 270
256 282
256 290
256 294
256 310
256 329
256 344
256 346
256 352
256 353
256 356
256 368
257 258
257 272
257 279
257 292
257 294
257 311
257 316
257 332
257 336
257 339
257 345
257 365
257 376
257 399
258 268
258 272
258 279
258 281
258 286
258 299
258 303
258 309
258 361
258 363
258 369
258 372
258 374
258 382
258 389
259 260
259 278
259 287
259 289
259 293
259 300
259 312
259 328
259 334
259 338
259 343
259 345
259 346
259 350
259 359
259 368
259 374
259 380
259 397
260 282
260 289
260 293
260 312
260 314
260 322
260 324
260 329
260 330
260 334
260 337
260 343
260 348
260 358
260 361
260 366
260 368
260 376
260 384
260 389
260 392
260 394
261 266
261 278
261 301
261 310
261 325
261 334
261 338
261 348
261 353
261 354
261 356
261 365
261 372
261 378
261 396
261 397
262 269
262 270
262 279
262 282
262 293
262 294
262 297
262 308
262 310
262 314
262 321
262 322
262 327
262 347
262 355
262 358
262 362
262 379
262 380
262 381
262 389
263 266
263 292
263 302
263 305
263 316
263 320
263 333
263 341
263 359
263 369
263 374
263 397
263 398
264 266
264 292
264 295
264 296
264 307
264 309
264 329
264 339
264 341
264 373
264 397
265 271
265 281
265 283
265 287
265 290
265 292
265 298
265 326
265 332
265 354
265 356
265 370
265 372
265 377
265 378
265 387
265 390
265 391
266 271
266 273
266 303
266 311
266 326
266 337
266 365
266 372
266 382
266 394
267 268
267 270
267 277
267 281
267 290
267 291
267 294
267 298
267 299
267 312
267 320
267 323
267 324
267 328
267 335
267 348
267 351
267 373
267 379
267 387
268 269
268 272
268 280
268 290
268 307
268 317
268 332
268 338
268 349
268 383
268 392
268 393
268 396
269 276
269 281
269 295
269 313
269 316
269 328
269 336
269 337
269 367
269 380
269 382
270 283
270 297
270 315
270 322
270 349
270 360
270 388
270 393
271 273
271 275
271 280
271 289
271 297
271 299
271 304
271 318
271 322
271 325
271 335
271 336
271 338
271 344
271 358
271 359
271 361
272 277
272 278
272 285
272 309
272 311
272 313
272 318
272 325
272 333
272 335
272 350
272 351
272 362
272 376
272 398
272 399
273 276
273 282
273 288
273 305
273 339
273 351
273 367
273 370
273 377
273 383
273 397
274 305
274 307
274 324
274 325
274 326
274 334
274 337
274 358
274 362
274 363
274 379
274 386
274 397
275 278
275 281
275 286
275 306
275 307
275 309
275 314
275 318
275 333
275 334
275 345
275 348
275 362
275 365
275 370
275 392
276 290
276 307
276 328
276 335
276 338
276 339
276 349
276 351
276 371
276 394
277 302
277 310
277 318
277 329
277 333
277 345
277 346
277 347
277 353
277 366
277 368
277 379
277 389
278 281
278 291
278 292
278 309
278 332
278 336
278 345
278 353
278 381
279 283
279 285
279 287
279 290
279 302
279 313
279 324
279 327
279 334
279 340
279 365
279 368
279 375
279 386
279 392
279 399
280 306
280 312
280 325
280 327
280 345
280 353
280 354
280 367
280 397
281 283
281 290
281 297
281 302
281 321
281 342
281 358
281 372
281 378
282 290
282 291
282 292
282 346
282 351
282 365
282 380
282 383
283 295
283 303
283 332
283 343
283 367
283 368
283 397
284 290
284 293
284 294
284 295
284 296
284 301
284 307
284 311
284 314
284 335
284 339
284 375
284 382
284 386
284 391
285 291
285 306
285 313
285 318
285 380
285 390
285 392
285 397
286 290
286 306
286 311
286 322
286 326
286 335
286 358
286 365
286 366
286 367
286 373
286 378
286 380
286 385
286 391
287 300
287 305
287 309
287 344
287 350
287 352
287 363
287 364
287 369
287 371
287 376
287 396
287 398
288 293
288 309
288 329
288 345
288 363
288 366
289 297
289 303
289 304
289 309
289 316
289 321
289 327
289 343
289 361
289 387
290 313
290 325
290 328
290 332
290 343
290 352
290 360
290 361
290 370
290 371
290 384
291 305
291 307
291 320
291 329
291 331
291 349
291 354
291 369
291 378
291 379
291 384
291 389
291 391
291 398
292 295
292 297
292 301
292 308
292 318
292 359
292 364
292 386
293 294
293 303
293 306
293 310
293 320
293 333
293 334
293 339
293 340
293 347
293 350
293 356
293 380
294 307
294 321
294 322
294 330
294 358
294 361
294 372
294 381
294 382
294 390
295 297
295 298
295 303
295 313
295 323
295 334
295 339
295 353
295 368
295 382
295 386
295 387
295 391
295 396
295 398
296 308
296 328
296 331
296 337
296 356
296 371
296 391
296 392
296 397
296 399
297 306
297 317
297 320
297 362
297 378
297 388
297 390
297 393
297 395
298 304
298 332
298 343
299 314
299 315
299 317
299 322
299 324
299 327
299 350
299 355
299 365
299 370
299 378
300 301
300 306
300 308
300 316
300 320
300 337
300 358
300 363
300 366
300 368
300 370
300 371
300 379
300 380
300 381
300 384
301 304
301 311
301 329
301 335
301 339
301 353
301 364
301 379
301 388
302 306
302 307
302 338
302 348
302 359
302 366
302 370
302 371
302 372
302 381
303 320
303 332
303 351
303 356
303 368
303 383
303 393
303 395
304 305
304 331
304 336
304 370
304 377
304 383
304 389
304 395
305 307
305 346
305 353
305 365
305 379
306 328
306 335
306 339
307 310
307 315
307 321
307 325
307 333
307 354
307 357
307 384
307 387
308 311
308 326
308 350
308 358
308 381
308 394
308 398
309 310
309 323
309 337
309 343
309 344
309 363
309 371
309 381
310 313
310 316
310 318
310 351
310 353
310 357
310 364
310 375
310 377
310 378
310 390
310 393
311 314
311 315
311 320
311 323
311 330
311 338
311 343
311 346
311 350
311 369
311 371
311 380
311 395
311 399
312 317
312 324
312 335
312 346
312 349
312 382
313 319
313 322
313 326
313 332
313 357
313 360
313 385
313 394
313 397
314 319
314 321
314 325
314 344
314 349
314 360
315 328
315 337
315 344
315 351
315 367
315 377
315 383
316 332
316 335
316 340
316 344
316 379
316 396
317 323
317 327
317 347
317 375
317 379
317 386
317 391
317 393
317 394
318 319
318 322
318 340
318 342
318 350
318 351
318 353
318 355
318 360
318 376
318 377
318 395
319 332
319 335
319 347
319 359
319 362
319 368
319 377
319 390
319 395
320 321
320 326
320 338
320 343
320 345
320 349
320 361
320 362
320 371
320 374
320 380
320 384
320 394
320 399
321 331
321 332
321 342
321 366
321 378
321 381
321 382
321 383
321 384
322 331
322 342
322 354
322 366
322 377
322 384
323 331
323 344
323 365
323 383
323 388
323 394
324 336
324 352
324 356
324 357
324 360
324 365
324 374
324 375
324 381
324 386
324 388
324 399
325 360
325 364
325 368
325 376
325 387
325 391
325 398
326 328
326 331
326 344
326 345
326 347
326 354
326 364
326 366
326 378
326 388
327 328
327 342
327 346
327 354
327 357
327 361
327 362
327 363
327 370
327 372
327 384
327 388
328 333
328 334
328 359
328 365
328 368
328 376
328 384
328 385
328 389
328 390
329 332
329 334
329 347
329 357
329 365
329 369
329 380
329 382
329 390
329 394
330 333
330 335
330 338
330 343
330 350
330 355
330 358
330 360
330 361
330 362
330 374
330 375
330 377
330 381
331 355
331 366
331 369
331 371
331 379
331 385
331 389
331 391
331 395
331 397
332 341
332 354
332 366
332 389
332 395
333 334
333 363
333 364
333 366
333 375
333 377
333 380
333 391
333 393
334 338
334 366
334 374
334 375
334 388
334 397
334 398
335 349
335 378
335 380
336 355
336 358
336 392
337 348
337 351
337 353
337 363
337 367
337 382
337 387
337 393
338 340
338 348
338 351
338 352
338 364
338 365
338 377
338 392
338 397
339 342
339 348
339 356
339 358
339 359
339 374
339 382
339 387
340 346
340 371
341 345
341 351
341 354
341 357
341 358
341 363
341 370
342 366
342 392
342 398
343 361
343 375
343 380
343 399
344 346
344 361
344 365
344 388
344 394
344 395
345 350
345 370
345 373
345 378
345 380
345 386
345 399
346 353
346 354
346 356
346 360
346 363
346 378
346 381
346 388
347 349
347 363
347 364
347 365
347 370
347 371
347 379
348 359
348 363
348 372
348 373
348 381
348 390
348 391
348 398
349 367
349 378
349 383
350 368
350 369
350 373
350 378
350 379
350 397
351 361
352 354
352 399
353 363
353 365
353 381
354 365
354 373
354 378
355 358
355 361
355 364
355 385
356 365
356 371
356 375
356 386
356 389
356 391
357 378
357 381
357 385
357 390
357 393
358 378
358 379
358 396
359 360
359 363
359 366
359 369
359 373
359 374
359 377
359 385
359 388
360 370
360 373
360 380
360 383
361 363
361 364
361 381
361 385
362 370
362 392
362 396
362 397
363 364
363 370
363 371
363 373
363 385
364 396
364 399
365 372
365 373
365 376
365 380
365 398
365 399
366 374
366 383
366 389
367 374
367 383
367 385
367 388
368 373
368 389
368 390
368 392
368 393
369 371
369 394
370 378
370 381
370 386
370 387
370 394
371 376
371 384
373 385
373 395
375 377
375 385
375 389
375 399
376 381
376 384
376 395
376 397
377 389
377 392
377 396
378 380
378 383
379 397
381 385
383 388
383 390
385 390
386 393
387 394
389 393
390 398
391 393
391 395
391 396
392 399
396 399
