0 2
0 7
0 8
0 13
0 14
0 26
1 4
1 30
2 8
2 12
2 29
2 31
3 8
3 13
3 21
4 5
4 19
4 31
4 39
5 36
5 38
6 31
6 34
6 35
7 8
7 13
7 15
7 19
7 29
7 31
8 9
8 20
8 22
8 26
8 38
9 10
9 15
9 17
10 16
10 20
10 22
10 36
11 20
11 23
11 24
11 25
11 31
11 32
11 39
12 23
12 24
12 28
12 33
13 14
13 15
13 16
13 20
13 25
13 36
13 37
14 20
14 26
14 30
15 17
15 26
15 29
15 30
15 38
16 18
16 19
16 24
16 28
16 36
17 23
17 24
17 28
17 39
18 22
18 28
18 33
19 20
19 29
19 38
20 29
20 35
20 38
21 22
22 27
22 34
23 30
23 31
23 32
23 37
24 32
24 39
25 27
25 37
27 30
28 32
28 35
29 33
29 38
30 31
30 38
31 32
32 38
35 37
38 39
