0 7
0 32
0 45
0 53
0 58
0 60
0 67
0 81
0 99
1 3
1 25
1 44
1 65
1 66
1 71
1 93
1 95
1 98
1 99
2 5
2 22
2 32
2 39
2 45
2 54
2 88
2 91
3 44
3 69
3 82
3 85
4 12
4 20
4 29
4 52
4 60
4 71
4 76
4 77
4 81
4 82
5 22
5 31
5 42
5 61
5 77
6 32
6 35
6 51
6 58
6 68
6 70
6 73
6 76
6 77
6 78
6 79
6 93
6 97
6 98
7 25
7 26
7 40
7 43
7 49
7 54
7 57
7 65
8 26
8 27
8 28
8 29
8 53
8 75
8 79
8 87
9 16
9 18
9 22
9 56
9 57
9 59
9 61
9 63
9 77
9 96
10 15
10 21
10 26
10 30
10 32
10 36
10 40
10 42
10 68
10 75
10 78
10 82
10 83
10 86
10 93
11 26
11 28
11 32
11 45
11 52
11 53
11 60
11 77
11 86
12 17
12 19
12 29
12 49
12 54
13 18
13 24
13 36
13 48
13 50
13 65
13 83
14 21
14 38
14 52
14 56
14 66
14 86
14 92
14 95
14 96
15 16
15 19
15 31
15 55
15 75
15 84
15 92
16 36
16 50
16 54
16 74
17 48
17 67
17 96
18 26
18 27
18 42
18 53
18 91
19 33
19 41
19 44
19 45
19 46
19 51
19 53
19 57
19 62
19 72
19 74
19 81
19 90
20 30
20 36
20 39
20 40
20 45
20 57
20 74
20 98
21 31
21 39
21 41
21 47
21 49
21 52
21 84
21 90
22 31
22 36
22 38
22 42
22 49
22 52
22 59
22 81
22 82
22 86
22 87
22 93
23 29
23 32
23 34
23 45
23 52
23 61
23 67
23 69
23 74
24 30
24 34
24 42
24 57
24 68
24 74
24 82
24 83
25 47
25 48
25 57
25 79
25 80
25 97
25 98
26 41
26 45
26 60
26 72
26 93
27 32
27 45
27 69
27 71
27 86
27 88
28 31
28 32
28 34
28 46
28 71
28 83
29 42
29 51
29 53
29 57
29 63
29 88
29 91
30 46
30 49
30 67
30 84
31 38
31 55
31 85
32 35
32 40
32 41
32 68
32 81
32 83
32 94
33 34
33 43
33 45
33 70
33 76
33 78
33 87
33 92
34 35
34 39
34 55
34 60
34 64
34 68
34 82
35 40
35 49
35 65
35 70
35 72
35 96
36 67
36 88
36 92
37 55
37 73
37 77
37 82
37 87
37 94
37 96
38 40
38 82
38 97
39 42
39 45
39 48
39 57
39 59
39 66
39 68
39 75
39 78
39 96
40 48
40 57
40 63
40 85
40 99
41 50
41 56
41 60
41 72
41 77
41 84
41 87
41 91
41 94
42 63
43 46
43 47
43 59
43 61
43 65
43 81
43 87
44 47
44 67
44 70
44 72
44 78
44 83
45 46
45 54
45 55
45 61
45 67
45 78
45 85
45 87
45 89
46 49
46 51
46 63
46 69
46 75
46 78
46 85
47 50
47 63
47 66
47 68
47 78
47 89
48 81
48 92
49 61
49 68
49 87
49 89
49 92
50 55
50 59
50 65
50 73
51 67
52 55
52 56
52 59
52 72
52 73
52 87
52 91
52 96
52 98
53 55
53 72
53 74
53 75
53 85
53 92
53 93
54 58
54 59
54 64
54 71
54 72
54 76
54 84
54 93
55 74
55 85
56 78
56 80
56 94
56 96
57 76
57 84
57 90
57 93
58 68
58 75
58 90
58 97
58 98
59 68
59 93
59 97
59 99
60 94
60 99
61 65
61 66
61 92
62 65
62 71
62 72
62 74
62 93
62 95
62 97
62 99
63 72
63 79
63 95
63 97
64 66
64 67
64 76
64 90
64 91
64 96
65 70
65 73
65 77
65 93
66 67
66 68
66 76
66 95
66 98
67 70
67 92
68 76
68 83
68 88
68 94
69 71
69 72
69 76
69 85
69 90
70 83
70 99
71 91
71 93
71 94
72 85
72 93
73 78
73 93
73 94
73 97
74 75
74 80
75 82
75 99
77 83
77 96
78 80
78 89
78 95
79 90
79 92
79 95
80 81
80 84
80 93
81 90
82 93
85 88
85 90
85 91
85 97
85 98
89 96
91 96
92 94
93 97
94 95
95 99
97 99
