0 4
0 15
0 16
0 26
0 40
0 57
0 69
0 87
0 91
0 97
0 116
0 124
0 133
0 157
0 183
0 192
0 201
0 203
0 206
0 223
0 226
0 240
0 243
0 244
0 254
0 258
0 268
0 269
0 271
0 290
0 300
0 304
0 310
0 315
0 333
0 344
0 355
0 392
0 414
0 415
0 442
0 467
0 469
0 479
1 3
1 20
1 33
1 44
1 56
1 65
1 87
1 107
1 110
1 112
1 118
1 130
1 135
1 155
1 172
1 176
1 181
1 196
1 207
1 219
1 241
1 243
1 252
1 256
1 258
1 262
1 270
1 283
1 296
1 302
1 320
1 349
1 356
1 359
1 368
1 396
1 398
1 408
1 415
1 428
1 444
1 450
1 453
1 459
1 467
1 474
1 484
1 493
2 3
2 17
2 51
2 58
2 69
2 93
2 133
2 135
2 139
2 142
2 159
2 164
2 171
2 174
2 178
2 209
2 219
2 225
2 226
2 234
2 260
2 264
2 265
2 266
2 267
2 277
2 283
2 284
2 285
2 295
2 296
2 315
2 317
2 329
2 331
2 336
2 341
2 360
2 368
2 374
2 377
2 388
2 398
2 412
2 416
2 417
2 423
2 424
2 427
2 438
2 440
2 450
2 463
2 471
2 478
2 486
2 496
2 497
2 499
3 11
3 19
3 29
3 36
3 47
3 51
3 57
3 59
3 62
3 79
3 83
3 86
3 87
3 95
3 96
3 100
3 144
3 149
3 165
3 167
3 175
3 177
3 198
3 209
3 217
3 222
3 251
3 263
3 270
3 271
3 273
3 276
3 295
3 299
3 317
3 319
3 320
3 330
3 357
3 370
3 375
3 378
3 386
3 417
3 421
3 446
3 477
3 485
3 494
4 6
4 15
4 16
4 23
4 30
4 36
4 72
4 78
4 107
4 110
4 116
4 120
4 122
4 135
4 166
4 175
4 188
4 194
4 198
4 218
4 222
4 223
4 230
4 231
4 251
4 264
4 266
4 273
4 278
4 280
4 283
4 292
4 297
4 315
4 327
4 328
4 336
4 340
4 352
4 355
4 357
4 358
4 365
4 383
4 404
4 405
4 408
4 428
4 433
4 436
4 444
4 447
4 459
4 469
4 480
5 13
5 15
5 25
5 36
5 37
5 42
5 60
5 66
5 74
5 77
5 120
5 121
5 159
5 178
5 194
5 195
5 196
5 201
5 208
5 221
5 225
5 226
5 240
5 283
5 298
5 305
5 316
5 326
5 338
5 349
5 351
5 357
5 359
5 366
5 378
5 381
5 384
5 390
5 391
5 393
5 404
5 419
5 454
5 456
5 461
5 465
5 466
5 472
5 490
6 9
6 18
6 21
6 23
6 27
6 41
6 59
6 75
6 78
6 93
6 99
6 104
6 110
6 111
6 118
6 125
6 137
6 141
6 150
6 163
6 169
6 185
6 186
6 187
6 201
6 202
6 204
6 248
6 274
6 276
6 287
6 295
6 302
6 309
6 317
6 325
6 352
6 353
6 356
6 368
6 377
6 399
6 403
6 421
6 429
6 433
6 436
6 443
6 449
6 450
6 474
7 8
7 21
7 23
7 60
7 86
7 102
7 104
7 106
7 119
7 120
7 121
7 124
7 131
7 147
7 150
7 158
7 165
7 177
7 218
7 224
7 246
7 254
7 258
7 262
7 269
7 272
7 278
7 280
7 286
7 287
7 294
7 327
7 329
7 332
7 338
7 340
7 349
7 350
7 357
7 364
7 370
7 377
7 378
7 422
7 428
7 446
7 447
7 458
7 465
7 479
7 486
8 37
8 49
8 52
8 61
8 84
8 85
8 94
8 103
8 114
8 122
8 132
8 174
8 175
8 182
8 183
8 184
8 189
8 216
8 220
8 245
8 274
8 284
8 291
8 294
8 297
8 309
8 319
8 328
8 335
8 336
8 350
8 387
8 390
8 405
8 425
8 429
8 442
8 450
8 476
8 481
8 489
9 12
9 15
9 30
9 34
9 48
9 58
9 71
9 72
9 93
9 96
9 109
9 122
9 137
9 149
9 152
9 156
9 162
9 169
9 172
9 173
9 191
9 198
9 203
9 216
9 225
9 233
9 242
9 250
9 268
9 276
9 279
9 280
9 328
9 331
9 353
9 355
9 356
9 372
9 379
9 382
9 401
9 405
9 421
9 427
9 430
9 431
9 438
9 442
9 456
9 459
9 460
9 465
9 466
9 467
9 468
9 470
9 481
9 484
10 14
10 21
10 23
10 74
10 84
10 104
10 115
10 121
10 124
10 139
10 141
10 146
10 158
10 160
10 173
10 180
10 194
10 195
10 214
10 224
10 229
10 238
10 253
10 255
10 260
10 271
10 289
10 295
10 299
10 304
10 309
10 317
10 337
10 354
10 358
10 367
10 370
10 398
10 401
10 404
10 407
10 413
10 422
10 423
10 426
10 427
10 434
10 442
10 447
10 455
10 458
10 464
10 468
10 471
10 474
10 482
10 483
10 484
11 36
11 53
11 69
11 71
11 94
11 104
11 113
11 140
11 148
11 154
11 156
11 180
11 183
11 207
11 221
11 234
11 244
11 257
11 260
11 261
11 266
11 271
11 277
11 279
11 314
11 315
11 343
11 351
11 355
11 358
11 371
11 388
11 413
11 443
11 445
11 463
11 473
11 479
11 489
12 14
12 19
12 44
12 51
12 55
12 62
12 74
12 78
12 79
12 80
12 85
12 95
12 104
12 107
12 118
12 126
12 138
12 156
12 160
12 164
12 179
12 186
12 189
12 192
12 194
12 205
12 215
12 239
12 240
12 249
12 250
12 251
12 265
12 303
12 308
12 311
12 333
12 338
12 351
12 352
12 353
12 357
12 366
12 385
12 401
12 410
12 418
12 431
12 432
12 435
12 438
12 456
12 459
12 477
12 484
12 495
13 38
13 43
13 48
13 67
13 87
13 89
13 91
13 95
13 123
13 149
13 168
13 200
13 202
13 208
13 215
13 219
13 233
13 263
13 264
13 266
13 272
13 296
13 303
13 337
13 349
13 350
13 355
13 370
13 387
13 389
13 449
13 456
13 460
13 463
13 467
13 496
13 497
14 30
14 40
14 52
14 59
14 92
14 95
14 103
14 106
14 112
14 120
14 122
14 124
14 145
14 152
14 158
14 172
14 210
14 215
14 241
14 243
14 245
14 246
14 247
14 249
14 252
14 258
14 263
14 278
14 283
14 288
14 294
14 320
14 326
14 351
14 358
14 365
14 366
14 374
14 382
14 425
14 453
14 484
14 489
14 490
14 499
15 33
15 44
15 46
15 55
15 68
15 78
15 81
15 93
15 104
15 128
15 131
15 137
15 139
15 170
15 180
15 181
15 183
15 184
15 185
15 199
15 202
15 214
15 215
15 223
15 240
15 246
15 248
15 254
15 259
15 264
15 286
15 297
15 303
15 306
15 311
15 334
15 340
15 343
15 353
15 361
15 362
15 364
15 365
15 381
15 388
15 397
15 403
15 415
15 423
15 456
15 458
15 469
15 480
15 484
15 492
15 493
16 17
16 30
16 31
16 35
16 51
16 67
16 72
16 75
16 94
16 95
16 106
16 108
16 119
16 131
16 133
16 138
16 152
16 158
16 163
16 168
16 188
16 197
16 200
16 210
16 226
16 227
16 234
16 251
16 261
16 268
16 273
16 283
16 292
16 295
16 300
16 302
16 310
16 314
16 327
16 339
16 342
16 361
16 369
16 375
16 376
16 389
16 393
16 395
16 434
16 436
16 438
16 441
16 443
16 444
16 457
16 465
16 476
16 481
16 487
17 21
17 24
17 25
17 27
17 28
17 43
17 64
17 71
17 79
17 80
17 83
17 88
17 93
17 94
17 117
17 122
17 129
17 137
17 140
17 176
17 183
17 185
17 194
17 195
17 205
17 221
17 223
17 234
17 256
17 258
17 268
17 275
17 284
17 285
17 291
17 324
17 325
17 330
17 343
17 345
17 377
17 379
17 380
17 389
17 400
17 431
17 440
17 457
17 475
17 479
17 488
17 489
17 490
18 42
18 43
18 105
18 113
18 117
18 128
18 146
18 152
18 162
18 166
18 168
18 173
18 179
18 192
18 199
18 230
18 241
18 273
18 287
18 296
18 321
18 347
18 353
18 355
18 366
18 367
18 390
18 396
18 398
18 399
18 417
18 430
18 463
18 469
18 472
18 475
18 483
19 29
19 31
19 48
19 57
19 78
19 116
19 134
19 137
19 138
19 147
19 163
19 170
19 176
19 193
19 215
19 232
19 234
19 236
19 249
19 252
19 255
19 264
19 265
19 266
19 279
19 281
19 301
19 306
19 323
19 336
19 354
19 366
19 368
19 381
19 423
19 424
19 430
19 432
19 434
19 464
19 465
19 470
19 471
19 486
20 51
20 52
20 56
20 73
20 86
20 95
20 103
20 104
20 108
20 113
20 115
20 121
20 129
20 133
20 203
20 212
20 213
20 226
20 237
20 256
20 296
20 304
20 309
20 325
20 336
20 337
20 345
20 348
20 353
20 355
20 360
20 361
20 376
20 377
20 382
20 385
20 406
20 419
20 423
20 434
20 438
20 440
20 452
20 461
20 464
20 494
20 497
21 40
21 54
21 61
21 64
21 74
21 79
21 113
21 114
21 125
21 128
21 130
21 160
21 187
21 191
21 205
21 218
21 241
21 251
21 259
21 262
21 263
21 279
21 283
21 293
21 298
21 304
21 313
21 319
21 339
21 378
21 401
21 411
21 431
21 474
21 476
21 488
21 489
21 492
21 499
22 24
22 40
22 41
22 43
22 51
22 54
22 57
22 64
22 97
22 122
22 134
22 136
22 145
22 148
22 154
22 170
22 174
22 177
22 180
22 192
22 205
22 206
22 209
22 250
22 256
22 259
22 270
22 271
22 274
22 285
22 287
22 292
22 307
22 326
22 343
22 349
22 371
22 373
22 374
22 387
22 391
22 395
22 399
22 412
22 415
22 424
22 437
22 438
22 469
22 490
23 33
23 47
23 57
23 58
23 103
23 108
23 116
23 123
23 126
23 130
23 134
23 135
23 137
23 140
23 141
23 152
23 156
23 157
23 162
23 169
23 176
23 180
23 182
23 207
23 216
23 228
23 234
23 249
23 255
23 267
23 274
23 279
23 288
23 294
23 313
23 318
23 319
23 329
23 344
23 351
23 361
23 368
23 369
23 373
23 385
23 390
23 410
23 411
23 412
23 426
23 428
23 432
23 446
23 463
23 466
23 479
23 493
23 499
24 37
24 47
24 53
24 54
24 64
24 67
24 73
24 90
24 101
24 110
24 115
24 116
24 121
24 122
24 127
24 137
24 144
24 157
24 161
24 182
24 189
24 193
24 199
24 205
24 221
24 229
24 253
24 260
24 263
24 298
24 313
24 340
24 357
24 362
24 363
24 374
24 376
24 397
24 443
24 446
24 455
24 462
24 463
24 479
24 481
24 486
24 491
25 50
25 66
25 68
25 76
25 89
25 97
25 98
25 124
25 144
25 148
25 149
25 170
25 181
25 187
25 193
25 207
25 213
25 230
25 241
25 242
25 264
25 275
25 279
25 303
25 345
25 350
25 361
25 369
25 387
25 388
25 389
25 393
25 395
25 408
25 426
25 434
25 440
25 443
25 456
25 463
25 491
26 28
26 36
26 46
26 48
26 52
26 65
26 72
26 86
26 111
26 116
26 129
26 133
26 137
26 138
26 141
26 152
26 167
26 170
26 180
26 183
26 184
26 185
26 191
26 197
26 208
26 220
26 232
26 238
26 248
26 249
26 252
26 256
26 262
26 270
26 288
26 290
26 315
26 322
26 326
26 328
26 330
26 354
26 357
26 360
26 366
26 378
26 380
26 383
26 394
26 408
26 409
26 410
26 423
26 429
26 439
26 479
26 489
26 499
27 47
27 52
27 63
27 75
27 84
27 98
27 108
27 116
27 119
27 172
27 174
27 176
27 178
27 192
27 193
27 196
27 233
27 236
27 241
27 251
27 261
27 263
27 280
27 287
27 292
27 299
27 340
27 349
27 352
27 372
27 373
27 380
27 385
27 387
27 405
27 412
27 421
27 468
27 486
27 490
28 32
28 34
28 37
28 40
28 79
28 85
28 96
28 99
28 103
28 107
28 109
28 112
28 116
28 120
28 121
28 131
28 132
28 146
28 162
28 172
28 185
28 214
28 222
28 238
28 284
28 289
28 291
28 309
28 313
28 317
28 323
28 330
28 338
28 371
28 392
28 398
28 402
28 408
28 414
28 428
28 433
28 434
28 450
28 451
28 462
28 485
29 32
29 37
29 38
29 49
29 70
29 81
29 87
29 93
29 103
29 109
29 115
29 131
29 144
29 154
29 167
29 168
29 178
29 180
29 197
29 217
29 250
29 251
29 257
29 272
29 286
29 307
29 310
29 321
29 344
29 369
29 379
29 388
29 412
29 421
29 422
29 433
29 444
29 455
29 457
29 460
29 461
29 466
29 468
29 483
29 491
30 43
30 51
30 60
30 73
30 74
30 110
30 111
30 112
30 116
30 128
30 136
30 145
30 156
30 160
30 162
30 163
30 171
30 188
30 191
30 225
30 232
30 239
30 247
30 255
30 257
30 261
30 263
30 266
30 270
30 279
30 300
30 319
30 323
30 334
30 336
30 346
30 352
30 368
30 380
30 382
30 386
30 396
30 422
30 436
30 448
30 457
30 470
30 485
31 37
31 55
31 59
31 67
31 71
31 74
31 76
31 82
31 83
31 85
31 95
31 104
31 110
31 130
31 150
31 155
31 156
31 159
31 163
31 184
31 187
31 189
31 192
31 224
31 244
31 247
31 256
31 269
31 270
31 273
31 276
31 292
31 306
31 323
31 328
31 409
31 435
31 442
31 444
31 445
31 464
31 481
31 498
32 48
32 64
32 78
32 84
32 85
32 101
32 109
32 112
32 121
32 125
32 150
32 152
32 162
32 166
32 171
32 172
32 174
32 185
32 194
32 201
32 206
32 212
32 218
32 219
32 223
32 238
32 259
32 263
32 269
32 310
32 326
32 329
32 341
32 365
32 372
32 378
32 397
32 409
32 418
32 429
32 439
32 465
32 466
32 470
32 476
32 479
32 480
32 483
32 488
32 495
33 34
33 58
33 66
33 75
33 96
33 98
33 101
33 104
33 108
33 126
33 136
33 150
33 155
33 159
33 171
33 191
33 199
33 229
33 233
33 242
33 244
33 249
33 250
33 271
33 280
33 285
33 315
33 317
33 324
33 328
33 339
33 344
33 352
33 377
33 378
33 379
33 401
33 402
33 407
33 421
33 422
33 427
33 428
33 444
33 458
33 479
33 488
33 489
33 493
33 497
34 42
34 47
34 51
34 66
34 93
34 128
34 135
34 140
34 165
34 166
34 194
34 196
34 211
34 213
34 223
34 228
34 235
34 237
34 266
34 271
34 278
34 281
34 282
34 286
34 295
34 308
34 315
34 328
34 329
34 339
34 340
34 382
34 392
34 398
34 402
34 409
34 429
34 435
34 439
34 454
34 455
34 458
34 461
34 466
34 486
34 487
34 493
35 40
35 48
35 60
35 100
35 104
35 110
35 117
35 125
35 136
35 137
35 147
35 169
35 181
35 221
35 224
35 227
35 230
35 231
35 234
35 255
35 267
35 293
35 311
35 317
35 319
35 323
35 336
35 342
35 348
35 366
35 383
35 386
35 394
35 403
35 408
35 438
35 450
35 469
35 471
35 484
35 485
35 488
35 499
36 37
36 46
36 49
36 57
36 71
36 104
36 114
36 117
36 119
36 124
36 126
36 128
36 146
36 151
36 154
36 162
36 163
36 170
36 171
36 174
36 183
36 190
36 199
36 201
36 216
36 234
36 236
36 237
36 242
36 263
36 266
36 271
36 277
36 290
36 301
36 310
36 316
36 322
36 329
36 348
36 349
36 351
36 365
36 372
36 375
36 385
36 399
36 405
36 407
36 429
36 431
36 436
36 445
36 463
36 471
36 495
36 497
37 43
37 47
37 69
37 97
37 103
37 121
37 130
37 151
37 162
37 166
37 188
37 192
37 202
37 221
37 225
37 246
37 281
37 283
37 295
37 304
37 308
37 318
37 330
37 334
37 337
37 340
37 352
37 354
37 366
37 382
37 398
37 403
37 405
37 421
37 438
37 450
37 455
37 463
37 471
38 52
38 55
38 60
38 78
38 91
38 94
38 99
38 107
38 108
38 126
38 131
38 136
38 143
38 144
38 164
38 174
38 180
38 190
38 209
38 226
38 227
38 237
38 245
38 259
38 262
38 285
38 294
38 299
38 301
38 305
38 324
38 335
38 339
38 344
38 345
38 374
38 376
38 388
38 417
38 450
38 452
38 480
38 481
38 487
38 488
38 489
38 497
39 40
39 42
39 57
39 62
39 80
39 84
39 95
39 102
39 115
39 137
39 143
39 151
39 156
39 157
39 178
39 195
39 198
39 214
39 221
39 229
39 247
39 248
39 251
39 307
39 324
39 336
39 348
39 354
39 367
39 368
39 383
39 393
39 396
39 406
39 416
39 419
39 430
39 431
39 441
39 449
39 450
39 465
39 476
39 478
39 483
39 486
39 497
39 498
40 54
40 89
40 98
40 104
40 107
40 111
40 119
40 122
40 125
40 137
40 144
40 150
40 160
40 163
40 164
40 166
40 170
40 172
40 183
40 193
40 194
40 195
40 197
40 198
40 200
40 205
40 225
40 230
40 233
40 253
40 274
40 293
40 306
40 307
40 324
40 339
40 351
40 356
40 357
40 371
40 376
40 382
40 391
40 397
40 411
40 425
40 432
40 435
40 445
40 449
40 451
40 458
40 463
40 477
40 480
40 494
41 43
41 57
41 61
41 78
41 87
41 92
41 93
41 126
41 165
41 181
41 217
41 219
41 234
41 269
41 273
41 287
41 299
41 303
41 304
41 306
41 308
41 310
41 311
41 341
41 344
41 346
41 380
41 384
41 386
41 387
41 403
41 407
41 409
41 425
41 427
41 428
41 436
41 443
41 458
41 460
41 474
41 484
41 488
41 489
42 44
42 65
42 73
42 79
42 82
42 94
42 96
42 97
42 98
42 111
42 115
42 121
42 135
42 139
42 144
42 145
42 166
42 168
42 172
42 176
42 188
42 200
42 207
42 214
42 253
42 288
42 327
42 333
42 337
42 350
42 355
42 357
42 359
42 365
42 366
42 371
42 378
42 380
42 382
42 398
42 405
42 412
42 420
42 436
42 441
42 446
42 471
42 485
43 51
43 59
43 62
43 63
43 83
43 96
43 98
43 100
43 101
43 102
43 108
43 125
43 138
43 142
43 156
43 157
43 158
43 184
43 185
43 187
43 211
43 216
43 229
43 248
43 254
43 261
43 272
43 274
43 283
43 289
43 293
43 296
43 309
43 318
43 328
43 335
43 346
43 350
43 361
43 374
43 375
43 381
43 401
43 408
43 410
43 423
43 425
43 430
43 432
43 435
43 439
43 447
43 455
43 466
43 471
43 482
43 486
43 495
43 496
44 51
44 74
44 75
44 76
44 89
44 103
44 106
44 140
44 142
44 165
44 199
44 200
44 216
44 230
44 240
44 250
44 267
44 269
44 301
44 307
44 314
44 321
44 356
44 363
44 372
44 378
44 381
44 404
44 418
44 424
44 425
44 426
44 430
44 456
44 459
44 482
45 46
45 52
45 79
45 90
45 92
45 102
45 104
45 107
45 132
45 137
45 143
45 155
45 156
45 162
45 193
45 195
45 202
45 226
45 228
45 242
45 254
45 259
45 262
45 264
45 266
45 276
45 285
45 289
45 294
45 304
45 306
45 317
45 322
45 324
45 328
45 330
45 335
45 364
45 371
45 372
45 374
45 399
45 402
45 411
45 427
45 444
45 445
45 457
45 480
46 55
46 65
46 68
46 73
46 102
46 106
46 113
46 114
46 118
46 122
46 135
46 138
46 148
46 152
46 161
46 171
46 183
46 194
46 206
46 207
46 222
46 233
46 249
46 256
46 280
46 295
46 301
46 304
46 306
46 308
46 322
46 325
46 327
46 340
46 344
46 351
46 362
46 458
46 459
46 460
46 461
46 462
47 48
47 70
47 82
47 86
47 97
47 98
47 105
47 110
47 130
47 132
47 136
47 155
47 168
47 177
47 182
47 216
47 223
47 230
47 233
47 255
47 259
47 274
47 282
47 288
47 312
47 314
47 317
47 344
47 354
47 360
47 366
47 376
47 377
47 386
47 390
47 392
47 393
47 396
47 399
47 428
47 461
47 466
47 488
48 55
48 62
48 77
48 82
48 87
48 105
48 115
48 123
48 125
48 130
48 141
48 143
48 144
48 148
48 150
48 155
48 160
48 173
48 175
48 190
48 205
48 209
48 211
48 237
48 238
48 241
48 243
48 251
48 276
48 284
48 285
48 287
48 289
48 292
48 293
48 304
48 337
48 340
48 346
48 356
48 373
48 381
48 394
48 396
48 398
48 414
48 422
48 441
48 444
48 460
48 462
48 484
48 485
49 68
49 90
49 97
49 111
49 116
49 119
49 123
49 137
49 141
49 142
49 159
49 179
49 188
49 195
49 200
49 220
49 233
49 238
49 243
49 245
49 252
49 256
49 259
49 261
49 302
49 310
49 321
49 323
49 326
49 349
49 352
49 359
49 365
49 371
49 381
49 384
49 396
49 397
49 402
49 414
49 426
49 435
49 440
49 459
49 463
49 471
49 473
49 487
49 495
50 52
50 57
50 58
50 59
50 63
50 73
50 81
50 85
50 112
50 114
50 128
50 159
50 164
50 167
50 178
50 181
50 184
50 192
50 203
50 208
50 209
50 216
50 218
50 220
50 259
50 263
50 306
50 321
50 328
50 341
50 344
50 348
50 352
50 353
50 367
50 370
50 373
50 375
50 383
50 384
50 390
50 401
50 410
50 417
50 424
50 450
50 472
50 491
50 492
50 494
51 57
51 75
51 82
51 96
51 102
51 112
51 132
51 142
51 160
51 168
51 224
51 234
51 236
51 238
51 254
51 262
51 263
51 278
51 286
51 292
51 294
51 296
51 316
51 329
51 341
51 350
51 354
51 379
51 386
51 414
51 415
51 416
51 429
51 440
51 442
51 443
51 451
51 468
51 469
51 479
51 482
51 487
52 56
52 65
52 81
52 113
52 120
52 125
52 126
52 133
52 134
52 141
52 157
52 158
52 165
52 182
52 196
52 208
52 219
52 237
52 264
52 267
52 287
52 288
52 299
52 308
52 310
52 328
52 331
52 351
52 382
52 395
52 402
52 416
52 420
52 427
52 453
52 454
52 462
52 468
52 480
52 482
52 491
53 55
53 64
53 72
53 73
53 77
53 84
53 107
53 113
53 122
53 128
53 130
53 140
53 162
53 172
53 174
53 192
53 217
53 231
53 285
53 287
53 302
53 304
53 317
53 332
53 333
53 337
53 340
53 342
53 347
53 350
53 354
53 355
53 357
53 399
53 400
53 406
53 411
53 412
53 419
53 433
53 460
53 476
53 490
53 496
53 497
54 66
54 73
54 80
54 88
54 93
54 95
54 107
54 112
54 123
54 127
54 158
54 159
54 163
54 164
54 175
54 180
54 200
54 202
54 205
54 215
54 218
54 260
54 266
54 270
54 280
54 302
54 306
54 311
54 319
54 321
54 326
54 333
54 338
54 340
54 342
54 351
54 361
54 397
54 413
54 429
54 435
54 436
54 438
54 453
54 462
54 464
54 467
54 485
54 492
55 64
55 80
55 81
55 92
55 93
55 94
55 106
55 117
55 126
55 151
55 164
55 176
55 177
55 195
55 205
55 206
55 209
55 218
55 234
55 241
55 252
55 253
55 260
55 262
55 266
55 280
55 295
55 323
55 335
55 350
55 414
55 425
55 429
55 435
55 438
55 442
55 453
55 473
55 483
55 484
55 497
55 498
56 57
56 66
56 99
56 102
56 103
56 108
56 115
56 120
56 126
56 129
56 134
56 156
56 168
56 182
56 187
56 192
56 193
56 201
56 211
56 213
56 214
56 220
56 225
56 235
56 249
56 254
56 258
56 268
56 273
56 275
56 284
56 285
56 292
56 293
56 313
56 319
56 322
56 324
56 340
56 342
56 359
56 404
56 413
56 417
56 418
56 420
56 422
56 423
56 427
56 447
56 457
57 62
57 64
57 73
57 90
57 100
57 110
57 126
57 137
57 142
57 143
57 147
57 177
57 178
57 182
57 195
57 212
57 214
57 219
57 239
57 245
57 250
57 255
57 294
57 296
57 300
57 314
57 331
57 334
57 338
57 348
57 354
57 360
57 362
57 381
57 382
57 401
57 402
57 430
57 441
57 444
57 445
57 453
57 458
57 464
57 479
57 485
57 486
57 494
57 497
58 59
58 68
58 101
58 103
58 116
58 118
58 122
58 127
58 140
58 156
58 169
58 182
58 185
58 191
58 201
58 212
58 228
58 255
58 264
58 273
58 282
58 288
58 291
58 327
58 333
58 346
58 353
58 356
58 375
58 380
58 384
58 400
58 402
58 407
58 417
58 418
58 447
58 459
58 478
58 480
58 481
58 488
59 60
59 77
59 93
59 94
59 115
59 116
59 135
59 143
59 144
59 158
59 172
59 174
59 196
59 204
59 205
59 208
59 215
59 216
59 227
59 255
59 257
59 264
59 275
59 285
59 288
59 301
59 305
59 319
59 321
59 323
59 334
59 336
59 347
59 351
59 364
59 377
59 394
59 418
59 435
59 439
59 445
59 447
59 455
59 472
59 479
59 485
60 62
60 70
60 74
60 102
60 103
60 121
60 127
60 139
60 148
60 152
60 153
60 160
60 162
60 167
60 171
60 189
60 197
60 199
60 201
60 206
60 208
60 214
60 216
60 251
60 256
60 271
60 272
60 274
60 276
60 281
60 299
60 315
60 318
60 331
60 346
60 355
60 361
60 363
60 365
60 370
60 374
60 377
60 402
60 404
60 450
60 469
60 485
61 65
61 68
61 82
61 84
61 88
61 91
61 97
61 122
61 131
61 132
61 138
61 143
61 155
61 159
61 189
61 197
61 202
61 205
61 210
61 211
61 214
61 223
61 242
61 247
61 259
61 270
61 287
61 326
61 335
61 349
61 353
61 362
61 368
61 373
61 375
61 394
61 408
61 465
61 472
61 478
61 480
61 488
61 491
61 494
61 499
62 72
62 87
62 89
62 105
62 110
62 115
62 117
62 120
62 139
62 141
62 152
62 169
62 170
62 172
62 176
62 189
62 195
62 200
62 201
62 213
62 216
62 217
62 218
62 220
62 266
62 283
62 292
62 302
62 303
62 307
62 319
62 325
62 343
62 373
62 383
62 386
62 387
62 391
62 400
62 408
62 433
62 438
62 447
62 456
62 468
62 469
62 474
62 476
62 479
62 494
63 68
63 106
63 120
63 127
63 138
63 161
63 163
63 166
63 175
63 181
63 189
63 190
63 197
63 216
63 232
63 236
63 245
63 255
63 261
63 263
63 270
63 274
63 310
63 333
63 336
63 354
63 362
63 382
63 399
63 409
63 418
63 430
63 437
63 447
63 467
63 468
63 472
64 69
64 79
64 107
64 112
64 124
64 134
64 137
64 159
64 160
64 167
64 174
64 179
64 180
64 182
64 185
64 186
64 192
64 193
64 206
64 218
64 224
64 230
64 241
64 246
64 260
64 261
64 268
64 275
64 281
64 285
64 292
64 294
64 296
64 297
64 321
64 338
64 368
64 398
64 403
64 411
64 415
64 428
64 434
64 440
64 450
64 453
64 465
64 472
64 475
65 68
65 72
65 73
65 89
65 116
65 123
65 143
65 175
65 184
65 186
65 191
65 217
65 222
65 227
65 232
65 236
65 240
65 241
65 242
65 246
65 254
65 256
65 258
65 278
65 299
65 312
65 315
65 324
65 332
65 341
65 364
65 370
65 400
65 423
65 430
65 455
65 459
65 463
65 466
65 468
65 476
66 72
66 83
66 90
66 118
66 130
66 131
66 134
66 137
66 148
66 153
66 186
66 187
66 195
66 197
66 198
66 209
66 211
66 227
66 232
66 236
66 255
66 269
66 283
66 300
66 306
66 309
66 312
66 314
66 321
66 327
66 332
66 368
66 371
66 373
66 375
66 408
66 409
66 421
66 424
66 430
66 438
66 439
66 444
66 445
66 448
66 450
66 452
66 479
66 492
66 497
67 72
67 96
67 108
67 110
67 112
67 143
67 149
67 167
67 180
67 194
67 202
67 205
67 214
67 223
67 225
67 236
67 238
67 240
67 257
67 260
67 265
67 275
67 308
67 325
67 336
67 342
67 344
67 346
67 365
67 368
67 386
67 392
67 403
67 406
67 419
67 471
67 485
68 72
68 121
68 124
68 140
68 153
68 184
68 188
68 204
68 208
68 223
68 225
68 242
68 263
68 270
68 271
68 293
68 314
68 318
68 322
68 327
68 334
68 335
68 352
68 358
68 359
68 408
68 410
68 424
68 433
68 436
68 469
68 476
68 485
68 492
68 495
69 77
69 80
69 89
69 99
69 105
69 111
69 112
69 125
69 126
69 130
69 133
69 135
69 150
69 171
69 173
69 182
69 222
69 227
69 247
69 256
69 258
69 266
69 276
69 283
69 301
69 334
69 341
69 354
69 362
69 372
69 373
69 375
69 392
69 402
69 409
69 425
69 478
69 484
69 486
69 489
69 496
70 93
70 103
70 108
70 119
70 121
70 126
70 129
70 146
70 155
70 156
70 157
70 161
70 162
70 165
70 178
70 182
70 186
70 194
70 196
70 202
70 210
70 212
70 214
70 226
70 265
70 269
70 273
70 327
70 331
70 341
70 348
70 358
70 363
70 369
70 370
70 384
70 385
70 388
70 423
70 448
70 479
70 480
70 481
70 490
71 76
71 79
71 89
71 95
71 113
71 128
71 141
71 156
71 163
71 176
71 184
71 189
71 193
71 195
71 215
71 217
71 223
71 229
71 236
71 238
71 241
71 258
71 266
71 274
71 284
71 304
71 305
71 306
71 310
71 315
71 323
71 328
71 333
71 336
71 341
71 345
71 356
71 367
71 370
71 371
71 379
71 386
71 388
71 396
71 403
71 418
71 424
71 438
71 440
71 446
71 452
71 454
71 473
71 478
71 482
71 483
71 488
72 79
72 88
72 100
72 101
72 112
72 116
72 130
72 131
72 136
72 141
72 149
72 150
72 152
72 156
72 165
72 173
72 176
72 187
72 192
72 208
72 236
72 237
72 280
72 293
72 297
72 299
72 308
72 321
72 333
72 342
72 349
72 371
72 379
72 383
72 386
72 394
72 405
72 420
72 443
72 448
72 453
72 457
72 459
72 460
72 462
72 466
73 75
73 79
73 89
73 105
73 117
73 126
73 127
73 131
73 133
73 134
73 142
73 145
73 146
73 156
73 164
73 181
73 191
73 198
73 203
73 222
73 235
73 246
73 251
73 252
73 265
73 284
73 300
73 309
73 310
73 315
73 317
73 346
73 348
73 356
73 362
73 368
73 389
73 411
73 415
73 416
73 431
73 439
73 444
73 456
73 458
73 467
73 468
73 481
73 495
74 82
74 88
74 111
74 133
74 137
74 146
74 189
74 190
74 192
74 241
74 242
74 247
74 249
74 281
74 295
74 302
74 348
74 374
74 385
74 409
74 418
74 429
74 443
74 471
74 475
74 490
74 493
74 499
75 108
75 133
75 165
75 184
75 199
75 217
75 241
75 249
75 275
75 281
75 282
75 308
75 313
75 321
75 328
75 336
75 344
75 364
75 365
75 416
75 421
75 433
75 442
75 458
75 474
75 482
76 83
76 90
76 102
76 107
76 110
76 124
76 128
76 142
76 177
76 179
76 193
76 196
76 197
76 201
76 211
76 213
76 224
76 229
76 232
76 236
76 238
76 248
76 259
76 262
76 266
76 269
76 277
76 304
76 311
76 330
76 357
76 370
76 374
76 375
76 392
76 402
76 403
76 421
76 426
76 430
76 438
76 444
76 447
76 463
76 480
76 482
76 497
77 83
77 126
77 127
77 129
77 132
77 134
77 142
77 150
77 159
77 160
77 174
77 178
77 205
77 206
77 211
77 252
77 255
77 257
77 286
77 287
77 290
77 294
77 295
77 310
77 311
77 313
77 321
77 326
77 332
77 352
77 379
77 381
77 385
77 388
77 407
77 410
77 425
77 426
77 427
77 439
77 441
77 442
77 447
77 454
77 455
77 469
77 472
77 475
77 494
77 497
78 87
78 88
78 94
78 104
78 111
78 114
78 116
78 139
78 140
78 143
78 160
78 166
78 167
78 168
78 172
78 180
78 182
78 190
78 200
78 213
78 217
78 221
78 243
78 248
78 255
78 256
78 270
78 275
78 276
78 277
78 282
78 300
78 310
78 312
78 315
78 321
78 333
78 359
78 384
78 395
78 400
78 404
78 408
78 424
78 425
78 459
78 489
79 82
79 84
79 85
79 95
79 149
79 167
79 171
79 185
79 218
79 219
79 224
79 228
79 235
79 237
79 239
79 250
79 256
79 267
79 271
79 276
79 281
79 289
79 298
79 315
79 317
79 324
79 333
79 335
79 337
79 340
79 349
79 351
79 353
79 367
79 375
79 396
79 404
79 406
79 414
79 442
79 446
79 472
79 474
79 477
79 483
79 485
79 486
79 497
80 90
80 110
80 114
80 116
80 120
80 140
80 147
80 148
80 157
80 190
80 208
80 220
80 226
80 235
80 242
80 263
80 264
80 267
80 303
80 310
80 314
80 330
80 369
80 383
80 389
80 400
80 401
80 403
80 412
80 421
80 424
80 426
80 449
80 460
80 461
80 468
80 487
80 488
81 85
81 109
81 119
81 126
81 132
81 180
81 187
81 207
81 212
81 220
81 223
81 225
81 229
81 232
81 240
81 243
81 255
81 261
81 283
81 303
81 307
81 319
81 323
81 326
81 331
81 342
81 368
81 370
81 371
81 378
81 382
81 387
81 396
81 399
81 409
81 418
81 421
81 442
81 450
81 457
81 461
81 474
81 477
81 482
81 483
81 498
82 92
82 98
82 107
82 111
82 125
82 128
82 129
82 145
82 154
82 161
82 170
82 196
82 205
82 211
82 226
82 235
82 239
82 243
82 264
82 286
82 290
82 309
82 313
82 318
82 326
82 356
82 361
82 362
82 366
82 379
82 396
82 417
82 423
82 439
82 440
82 457
82 467
82 475
82 476
82 479
82 484
82 486
82 490
83 89
83 90
83 97
83 99
83 101
83 110
83 119
83 140
83 141
83 165
83 219
83 225
83 247
83 257
83 262
83 304
83 306
83 313
83 314
83 319
83 347
83 377
83 381
83 385
83 393
83 401
83 414
83 417
83 421
83 424
83 472
83 478
83 492
83 497
84 92
84 103
84 111
84 137
84 147
84 149
84 153
84 156
84 162
84 170
84 207
84 222
84 223
84 243
84 249
84 251
84 275
84 286
84 287
84 291
84 319
84 331
84 335
84 338
84 370
84 383
84 395
84 397
84 420
84 446
84 471
84 474
84 482
85 104
85 116
85 124
85 129
85 146
85 149
85 150
85 162
85 172
85 176
85 187
85 205
85 209
85 216
85 224
85 252
85 275
85 279
85 283
85 295
85 301
85 319
85 320
85 327
85 329
85 331
85 334
85 348
85 371
85 374
85 380
85 397
85 399
85 421
85 443
85 468
85 471
85 485
86 103
86 104
86 107
86 129
86 132
86 135
86 145
86 149
86 151
86 159
86 200
86 223
86 234
86 276
86 285
86 287
86 288
86 313
86 314
86 325
86 326
86 329
86 338
86 354
86 355
86 368
86 374
86 392
86 404
86 407
86 413
86 417
86 452
86 478
86 486
86 491
86 492
87 101
87 109
87 113
87 125
87 131
87 133
87 144
87 152
87 161
87 177
87 178
87 193
87 199
87 204
87 205
87 206
87 207
87 209
87 211
87 251
87 258
87 268
87 278
87 304
87 319
87 327
87 350
87 363
87 375
87 388
87 407
87 410
87 413
87 423
87 428
87 430
87 444
87 458
87 492
87 498
88 92
88 115
88 118
88 133
88 135
88 148
88 157
88 160
88 165
88 166
88 171
88 180
88 185
88 190
88 206
88 211
88 214
88 215
88 218
88 254
88 258
88 262
88 290
88 298
88 300
88 312
88 313
88 335
88 341
88 353
88 360
88 364
88 369
88 383
88 389
88 402
88 406
88 418
88 420
88 428
88 440
88 493
88 497
89 94
89 107
89 113
89 118
89 123
89 138
89 150
89 151
89 161
89 171
89 174
89 191
89 209
89 236
89 237
89 238
89 246
89 257
89 271
89 277
89 296
89 309
89 383
89 398
89 404
89 406
89 408
89 414
89 437
89 444
89 445
89 462
89 478
89 489
89 493
90 94
90 115
90 116
90 133
90 135
90 143
90 146
90 161
90 168
90 179
90 199
90 233
90 234
90 245
90 247
90 252
90 260
90 288
90 300
90 303
90 310
90 318
90 332
90 336
90 352
90 382
90 385
90 395
90 405
90 411
90 421
90 431
90 449
90 461
90 466
90 471
90 475
90 484
90 488
90 495
91 116
91 122
91 127
91 133
91 144
91 165
91 169
91 170
91 178
91 186
91 192
91 196
91 236
91 252
91 255
91 265
91 278
91 290
91 295
91 316
91 325
91 328
91 335
91 352
91 425
91 434
91 442
91 466
91 475
91 479
91 486
91 491
92 93
92 105
92 116
92 118
92 119
92 120
92 141
92 147
92 194
92 206
92 219
92 224
92 250
92 251
92 256
92 277
92 279
92 286
92 290
92 297
92 302
92 304
92 306
92 331
92 344
92 347
92 361
92 364
92 375
92 384
92 432
92 468
92 474
92 490
92 496
92 499
93 107
93 118
93 124
93 146
93 157
93 158
93 174
93 194
93 197
93 200
93 213
93 219
93 221
93 233
93 248
93 252
93 258
93 292
93 297
93 300
93 301
93 324
93 329
93 332
93 340
93 361
93 396
93 397
93 402
93 409
93 420
93 427
93 431
93 445
93 462
93 468
93 476
94 106
94 111
94 116
94 125
94 131
94 148
94 166
94 167
94 186
94 189
94 212
94 226
94 228
94 232
94 234
94 237
94 251
94 252
94 260
94 276
94 280
94 308
94 314
94 316
94 319
94 326
94 330
94 335
94 344
94 350
94 352
94 409
94 410
94 413
94 415
94 418
94 425
94 432
94 451
94 454
94 486
94 491
94 492
95 103
95 105
95 108
95 120
95 130
95 138
95 140
95 150
95 151
95 158
95 172
95 183
95 184
95 200
95 208
95 237
95 250
95 251
95 252
95 268
95 278
95 286
95 288
95 293
95 307
95 322
95 326
95 343
95 354
95 356
95 362
95 381
95 412
95 425
95 429
95 436
95 441
95 442
95 457
95 462
96 112
96 114
96 124
96 125
96 141
96 152
96 161
96 177
96 185
96 196
96 197
96 222
96 225
96 253
96 261
96 267
96 275
96 286
96 300
96 313
96 316
96 320
96 328
96 357
96 361
96 371
96 381
96 399
96 401
96 402
96 408
96 411
96 414
96 423
96 424
96 446
96 470
96 472
97 99
97 101
97 111
97 124
97 129
97 130
97 146
97 152
97 173
97 186
97 193
97 211
97 213
97 229
97 239
97 240
97 247
97 257
97 265
97 283
97 286
97 300
97 302
97 318
97 329
97 333
97 335
97 351
97 355
97 378
97 386
97 390
97 394
97 430
97 448
97 451
97 453
97 459
97 461
97 477
97 479
97 485
97 492
97 493
98 110
98 114
98 115
98 118
98 123
98 126
98 127
98 130
98 151
98 165
98 168
98 172
98 199
98 201
98 214
98 228
98 229
98 230
98 232
98 255
98 271
98 272
98 282
98 285
98 294
98 303
98 308
98 310
98 314
98 328
98 331
98 371
98 377
98 381
98 382
98 385
98 400
98 409
98 431
98 444
98 448
98 450
98 473
98 477
98 478
98 488
98 492
98 496
99 108
99 114
99 119
99 122
99 123
99 132
99 143
99 144
99 153
99 159
99 166
99 168
99 170
99 179
99 189
99 204
99 205
99 210
99 223
99 232
99 233
99 250
99 282
99 283
99 296
99 310
99 316
99 332
99 352
99 372
99 378
99 406
99 414
99 423
99 434
99 440
99 457
99 458
99 460
99 487
99 488
100 114
100 122
100 135
100 167
100 171
100 183
100 191
100 206
100 209
100 234
100 241
100 269
100 273
100 278
100 300
100 306
100 313
100 315
100 322
100 325
100 326
100 330
100 331
100 332
100 335
100 354
100 365
100 371
100 395
100 397
100 403
100 404
100 405
100 462
100 471
100 483
100 489
101 102
101 113
101 138
101 163
101 184
101 185
101 209
101 231
101 234
101 244
101 246
101 261
101 269
101 276
101 278
101 293
101 298
101 319
101 326
101 327
101 335
101 348
101 372
101 375
101 378
101 400
101 417
101 422
101 432
101 442
101 447
101 450
101 452
101 453
101 472
101 476
101 477
101 493
102 123
102 126
102 144
102 146
102 156
102 164
102 177
102 179
102 199
102 212
102 216
102 225
102 233
102 238
102 240
102 243
102 258
102 260
102 269
102 272
102 283
102 307
102 310
102 314
102 318
102 329
102 340
102 361
102 367
102 369
102 377
102 382
102 386
102 389
102 414
102 435
102 465
102 466
102 470
102 472
102 488
103 112
103 144
103 148
103 149
103 164
103 175
103 185
103 193
103 206
103 209
103 224
103 226
103 261
103 283
103 291
103 297
103 312
103 332
103 333
103 339
103 350
103 380
103 385
103 396
103 398
103 415
103 442
103 443
103 445
103 475
103 489
104 111
104 117
104 118
104 159
104 162
104 163
104 166
104 170
104 205
104 239
104 270
104 271
104 274
104 289
104 291
104 294
104 296
104 300
104 304
104 313
104 316
104 323
104 349
104 362
104 399
104 405
104 416
104 425
104 432
104 460
104 464
104 469
104 473
104 475
104 480
104 496
104 497
105 131
105 144
105 146
105 164
105 173
105 179
105 184
105 204
105 217
105 229
105 230
105 231
105 276
105 287
105 298
105 309
105 321
105 327
105 329
105 330
105 386
105 395
105 396
105 436
105 442
105 460
105 465
105 466
105 476
106 111
106 113
106 117
106 129
106 138
106 139
106 141
106 144
106 146
106 177
106 184
106 189
106 222
106 239
106 247
106 262
106 269
106 280
106 289
106 307
106 316
106 318
106 333
106 334
106 337
106 352
106 360
106 368
106 371
106 388
106 399
106 408
106 416
106 427
106 429
106 440
106 476
106 480
106 483
107 114
107 118
107 121
107 131
107 138
107 143
107 155
107 194
107 195
107 198
107 239
107 249
107 262
107 265
107 274
107 278
107 294
107 317
107 319
107 325
107 330
107 346
107 348
107 350
107 354
107 369
107 373
107 383
107 409
107 411
107 413
107 417
107 425
107 432
107 453
107 476
107 494
108 119
108 123
108 129
108 134
108 147
108 168
108 183
108 211
108 220
108 224
108 235
108 238
108 255
108 257
108 258
108 266
108 279
108 288
108 290
108 294
108 304
108 311
108 331
108 335
108 370
108 377
108 383
108 395
108 397
108 401
108 406
108 421
108 430
108 435
108 438
108 447
108 463
108 464
108 468
108 470
108 471
109 112
109 148
109 165
109 167
109 171
109 179
109 184
109 193
109 202
109 205
109 245
109 249
109 252
109 283
109 332
109 344
109 352
109 358
109 371
109 372
109 375
109 380
109 396
109 398
109 410
109 412
109 416
109 432
109 440
109 447
109 450
109 463
109 478
109 482
109 489
109 490
110 111
110 126
110 136
110 142
110 145
110 146
110 152
110 155
110 166
110 170
110 208
110 229
110 242
110 253
110 256
110 261
110 289
110 300
110 303
110 305
110 324
110 332
110 336
110 340
110 345
110 349
110 358
110 378
110 384
110 421
110 436
110 454
110 469
110 473
110 481
111 118
111 133
111 135
111 140
111 148
111 158
111 160
111 169
111 196
111 202
111 207
111 208
111 216
111 227
111 230
111 239
111 252
111 271
111 280
111 281
111 290
111 296
111 335
111 337
111 367
111 403
111 405
111 420
111 424
111 428
111 433
111 454
111 466
111 468
111 475
111 479
111 480
111 483
112 114
112 127
112 131
112 143
112 173
112 207
112 211
112 221
112 223
112 226
112 227
112 259
112 277
112 285
112 290
112 292
112 322
112 328
112 329
112 332
112 342
112 344
112 362
112 380
112 383
112 388
112 413
112 424
112 452
112 462
112 483
112 490
112 493
113 115
113 117
113 125
113 128
113 134
113 144
113 166
113 171
113 174
113 193
113 201
113 202
113 208
113 209
113 236
113 242
113 245
113 254
113 267
113 270
113 273
113 279
113 282
113 285
113 294
113 295
113 299
113 301
113 304
113 319
113 321
113 330
113 337
113 345
113 356
113 361
113 370
113 378
113 389
113 400
113 421
113 424
113 432
113 447
113 480
113 481
113 495
114 133
114 144
114 145
114 147
114 155
114 166
114 176
114 186
114 190
114 198
114 220
114 226
114 236
114 243
114 248
114 274
114 284
114 303
114 309
114 321
114 330
114 333
114 339
114 341
114 361
114 367
114 375
114 376
114 382
114 387
114 408
114 417
114 438
114 459
114 461
114 463
114 466
114 488
115 120
115 128
115 130
115 135
115 139
115 141
115 150
115 166
115 167
115 186
115 188
115 198
115 201
115 205
115 219
115 220
115 229
115 270
115 286
115 290
115 293
115 303
115 307
115 309
115 321
115 336
115 346
115 347
115 354
115 357
115 376
115 378
115 385
115 396
115 404
115 415
115 421
115 435
115 446
115 447
115 448
115 459
115 466
115 469
116 126
116 141
116 148
116 156
116 175
116 213
116 226
116 238
116 268
116 277
116 301
116 316
116 320
116 329
116 339
116 349
116 353
116 354
116 379
116 389
116 393
116 395
116 427
116 432
116 436
116 447
116 462
116 469
116 474
116 490
116 492
116 494
117 120
117 131
117 137
117 144
117 148
117 150
117 162
117 174
117 182
117 219
117 238
117 242
117 247
117 258
117 267
117 268
117 275
117 283
117 298
117 299
117 316
117 317
117 348
117 371
117 372
117 378
117 393
117 405
117 414
117 416
117 429
117 448
117 452
117 454
117 457
117 474
117 479
117 484
117 489
117 494
117 499
118 122
118 123
118 133
118 155
118 160
118 166
118 170
118 177
118 192
118 193
118 197
118 207
118 208
118 212
118 215
118 220
118 223
118 231
118 237
118 258
118 266
118 272
118 273
118 289
118 350
118 356
118 361
118 373
118 375
118 382
118 389
118 394
118 396
118 405
118 407
118 411
118 416
118 417
118 427
118 428
118 430
118 458
118 460
118 463
118 464
118 477
118 482
118 484
118 489
118 496
119 124
119 125
119 135
119 139
119 153
119 161
119 175
119 180
119 202
119 210
119 211
119 212
119 218
119 231
119 256
119 290
119 298
119 299
119 300
119 301
119 303
119 313
119 322
119 334
119 357
119 371
119 381
119 389
119 399
119 402
119 405
119 406
119 410
119 424
119 445
119 447
119 455
119 457
119 460
119 467
119 478
119 491
120 141
120 147
120 148
120 150
120 151
120 154
120 155
120 158
120 171
120 176
120 207
120 218
120 225
120 226
120 230
120 245
120 248
120 251
120 269
120 272
120 274
120 293
120 306
120 318
120 322
120 331
120 358
120 378
120 381
120 415
120 421
120 435
120 455
120 479
120 480
121 165
121 167
121 177
121 181
121 184
121 186
121 239
121 252
121 255
121 258
121 297
121 302
121 305
121 312
121 346
121 349
121 358
121 360
121 362
121 375
121 382
121 393
121 398
121 417
121 419
121 437
121 442
121 450
121 459
121 463
121 498
121 499
122 146
122 166
122 172
122 182
122 184
122 192
122 193
122 209
122 210
122 218
122 243
122 250
122 252
122 261
122 263
122 276
122 279
122 284
122 292
122 295
122 298
122 301
122 304
122 306
122 309
122 329
122 331
122 333
122 335
122 347
122 348
122 349
122 351
122 370
122 386
122 387
122 390
122 393
122 394
122 438
122 458
122 460
122 462
122 468
122 473
122 491
123 124
123 125
123 126
123 141
123 145
123 148
123 160
123 165
123 186
123 211
123 215
123 217
123 252
123 265
123 280
123 287
123 289
123 300
123 308
123 322
123 326
123 327
123 337
123 342
123 345
123 352
123 358
123 391
123 396
123 407
123 416
123 422
123 423
123 436
123 438
123 440
123 447
123 448
123 471
123 475
123 478
123 479
123 481
124 133
124 141
124 152
124 160
124 161
124 180
124 185
124 197
124 249
124 263
124 291
124 293
124 299
124 301
124 330
124 333
124 339
124 343
124 347
124 355
124 356
124 357
124 362
124 368
124 388
124 391
124 393
124 397
124 414
124 423
124 427
124 451
124 454
124 466
124 486
124 493
125 127
125 160
125 175
125 182
125 185
125 191
125 207
125 210
125 220
125 263
125 268
125 272
125 274
125 277
125 307
125 333
125 370
125 393
125 394
125 436
125 437
125 447
125 448
125 460
125 466
125 476
125 480
125 485
125 495
125 497
126 153
126 157
126 164
126 170
126 174
126 188
126 212
126 214
126 240
126 268
126 296
126 297
126 317
126 331
126 346
126 351
126 358
126 367
126 386
126 392
126 399
126 412
126 426
126 427
126 430
126 438
126 448
126 495
127 178
127 189
127 208
127 209
127 213
127 221
127 223
127 249
127 260
127 267
127 268
127 281
127 284
127 317
127 336
127 343
127 344
127 379
127 380
127 390
127 397
127 401
127 404
127 424
127 425
127 428
127 449
127 464
127 470
127 472
127 486
127 488
128 131
128 140
128 148
128 156
128 158
128 159
128 180
128 218
128 220
128 237
128 259
128 279
128 331
128 344
128 375
128 383
128 394
128 402
128 410
128 419
128 420
128 432
128 434
128 442
128 445
128 447
128 453
128 495
129 136
129 138
129 176
129 212
129 218
129 219
129 225
129 234
129 247
129 253
129 260
129 261
129 264
129 273
129 277
129 306
129 308
129 313
129 318
129 323
129 330
129 347
129 349
129 364
129 368
129 391
129 396
129 399
129 402
129 403
129 415
129 431
129 436
129 447
129 466
129 493
130 139
130 164
130 185
130 187
130 228
130 243
130 248
130 256
130 280
130 281
130 283
130 291
130 298
130 306
130 322
130 327
130 335
130 349
130 352
130 356
130 387
130 392
130 399
130 422
130 424
130 427
130 454
130 458
130 459
130 489
130 490
131 138
131 143
131 155
131 157
131 175
131 178
131 185
131 194
131 210
131 213
131 218
131 221
131 226
131 234
131 254
131 255
131 265
131 271
131 274
131 277
131 288
131 320
131 337
131 358
131 367
131 380
131 384
131 385
131 388
131 400
131 403
131 431
131 445
131 468
131 485
131 487
131 490
131 491
132 148
132 161
132 174
132 195
132 214
132 216
132 217
132 228
132 230
132 238
132 240
132 252
132 262
132 265
132 276
132 279
132 281
132 284
132 305
132 330
132 333
132 334
132 338
132 373
132 394
132 421
132 427
132 434
132 446
132 457
132 466
132 474
132 487
133 147
133 153
133 169
133 172
133 174
133 177
133 178
133 189
133 214
133 239
133 248
133 252
133 274
133 289
133 290
133 298
133 320
133 333
133 343
133 370
133 376
133 389
133 391
133 398
133 400
133 403
133 410
133 425
133 426
133 446
133 450
133 499
134 144
134 149
134 151
134 152
134 162
134 172
134 185
134 193
134 199
134 201
134 217
134 218
134 219
134 226
134 244
134 249
134 250
134 269
134 274
134 284
134 305
134 311
134 314
134 315
134 319
134 332
134 344
134 359
134 360
134 366
134 379
134 384
134 386
134 389
134 392
134 394
134 396
134 400
134 412
134 418
134 429
134 433
134 434
134 441
134 445
134 449
134 450
134 455
134 464
134 470
134 473
134 480
134 495
135 154
135 155
135 168
135 169
135 170
135 176
135 178
135 195
135 204
135 214
135 231
135 232
135 236
135 238
135 244
135 269
135 273
135 278
135 281
135 282
135 291
135 295
135 303
135 308
135 331
135 334
135 339
135 340
135 361
135 366
135 367
135 385
135 402
135 409
135 411
135 417
135 424
135 426
135 438
135 451
135 466
135 472
135 496
135 499
136 143
136 160
136 162
136 174
136 179
136 190
136 192
136 217
136 237
136 280
136 289
136 306
136 307
136 333
136 346
136 358
136 370
136 372
136 374
136 383
136 398
136 401
136 412
136 425
136 426
136 448
136 455
136 471
136 478
136 485
136 487
136 498
137 139
137 154
137 185
137 186
137 232
137 237
137 249
137 260
137 278
137 281
137 304
137 307
137 337
137 340
137 343
137 347
137 351
137 353
137 354
137 356
137 362
137 370
137 374
137 376
137 387
137 391
137 400
137 403
137 408
137 410
137 415
137 420
137 427
137 429
137 442
137 457
137 464
137 468
137 471
137 477
138 144
138 155
138 157
138 172
138 191
138 192
138 203
138 205
138 216
138 218
138 233
138 236
138 239
138 252
138 253
138 254
138 261
138 288
138 295
138 299
138 304
138 305
138 306
138 316
138 324
138 329
138 367
138 372
138 375
138 388
138 397
138 404
138 406
138 417
138 421
138 427
138 431
138 457
138 467
138 476
138 477
138 484
138 485
138 490
139 159
139 169
139 172
139 178
139 184
139 192
139 205
139 226
139 234
139 243
139 247
139 250
139 254
139 279
139 284
139 313
139 319
139 330
139 331
139 343
139 366
139 378
139 383
139 390
139 394
139 417
139 428
139 435
139 438
139 455
139 466
139 468
139 469
139 478
139 489
139 498
140 143
140 147
140 149
140 158
140 182
140 185
140 204
140 208
140 225
140 241
140 259
140 267
140 274
140 281
140 297
140 298
140 312
140 319
140 330
140 352
140 357
140 378
140 382
140 383
140 394
140 411
140 413
140 423
140 424
140 437
140 452
140 455
140 462
140 477
140 481
141 161
141 168
141 176
141 182
141 183
141 194
141 199
141 200
141 213
141 221
141 224
141 240
141 246
141 256
141 267
141 269
141 324
141 333
141 334
141 335
141 339
141 351
141 354
141 355
141 407
141 427
141 429
141 430
141 444
141 455
141 463
141 472
141 478
141 483
142 156
142 171
142 186
142 192
142 224
142 253
142 270
142 316
142 326
142 338
142 340
142 342
142 349
142 363
142 377
142 382
142 439
142 442
142 444
142 447
142 459
142 469
142 475
142 489
142 493
142 498
143 144
143 157
143 172
143 200
143 206
143 213
143 228
143 236
143 241
143 260
143 263
143 274
143 287
143 303
143 309
143 310
143 316
143 321
143 322
143 323
143 326
143 332
143 343
143 344
143 360
143 362
143 366
143 368
143 373
143 375
143 385
143 399
143 420
143 422
143 425
143 430
143 444
143 448
143 463
143 465
143 475
143 481
143 492
144 148
144 158
144 165
144 169
144 183
144 184
144 191
144 200
144 203
144 219
144 226
144 234
144 244
144 245
144 246
144 248
144 267
144 276
144 281
144 294
144 302
144 303
144 306
144 319
144 325
144 330
144 359
144 360
144 361
144 365
144 374
144 377
144 389
144 399
144 408
144 414
144 419
144 477
144 494
144 498
145 148
145 155
145 156
145 158
145 161
145 164
145 165
145 168
145 169
145 171
145 179
145 199
145 204
145 210
145 216
145 219
145 232
145 242
145 263
145 271
145 284
145 318
145 323
145 330
145 335
145 347
145 360
145 384
145 386
145 396
145 399
145 413
145 417
145 456
145 463
145 471
145 475
145 483
146 149
146 156
146 168
146 181
146 204
146 205
146 209
146 218
146 223
146 234
146 251
146 264
146 272
146 311
146 378
146 386
146 389
146 406
146 412
146 414
146 417
146 419
146 426
146 435
146 447
146 452
146 458
146 459
146 460
146 463
146 465
146 467
146 474
146 489
147 155
147 160
147 166
147 171
147 179
147 191
147 195
147 204
147 222
147 230
147 247
147 251
147 261
147 266
147 272
147 277
147 305
147 319
147 324
147 331
147 345
147 382
147 390
147 403
147 414
147 424
147 438
147 449
147 459
147 462
148 187
148 200
148 201
148 202
148 213
148 214
148 215
148 228
148 248
148 257
148 263
148 266
148 269
148 271
148 275
148 285
148 286
148 298
148 308
148 312
148 314
148 325
148 342
148 348
148 383
148 387
148 389
148 391
148 392
148 401
148 407
148 408
148 426
148 442
148 446
148 453
148 464
148 488
148 494
149 151
149 155
149 172
149 198
149 211
149 219
149 251
149 278
149 282
149 284
149 286
149 288
149 294
149 338
149 340
149 342
149 350
149 361
149 367
149 375
149 378
149 386
149 389
149 395
149 402
149 418
149 464
149 465
149 487
150 152
150 159
150 167
150 169
150 170
150 175
150 177
150 184
150 197
150 201
150 224
150 232
150 239
150 244
150 250
150 287
150 300
150 316
150 340
150 361
150 373
150 377
150 385
150 403
150 405
150 409
150 419
150 422
150 434
150 440
150 446
150 452
150 453
150 460
150 467
151 154
151 156
151 158
151 166
151 180
151 181
151 213
151 215
151 218
151 230
151 245
151 257
151 261
151 277
151 287
151 295
151 296
151 313
151 321
151 347
151 351
151 375
151 391
151 435
151 440
151 453
151 471
151 480
151 484
151 488
151 493
152 175
152 200
152 202
152 218
152 228
152 235
152 239
152 245
152 252
152 255
152 268
152 279
152 311
152 313
152 322
152 336
152 352
152 358
152 361
152 403
152 430
152 439
152 444
152 447
152 453
152 456
152 458
152 460
152 475
152 476
152 479
152 490
153 163
153 173
153 192
153 194
153 200
153 205
153 217
153 218
153 231
153 235
153 247
153 253
153 266
153 274
153 275
153 308
153 310
153 327
153 339
153 353
153 358
153 363
153 374
153 377
153 384
153 394
153 399
153 408
153 417
153 418
153 426
153 431
153 433
153 437
153 460
153 478
153 491
153 498
154 163
154 175
154 176
154 179
154 208
154 216
154 230
154 252
154 253
154 268
154 274
154 282
154 285
154 286
154 289
154 292
154 295
154 298
154 300
154 338
154 347
154 349
154 350
154 352
154 357
154 361
154 372
154 385
154 390
154 402
154 407
154 416
154 418
154 451
154 453
154 472
154 475
154 476
154 484
154 494
155 169
155 197
155 203
155 209
155 210
155 235
155 257
155 275
155 285
155 296
155 311
155 316
155 326
155 329
155 336
155 347
155 365
155 371
155 375
155 382
155 401
155 415
155 432
155 434
155 436
155 445
155 456
155 462
155 468
155 484
155 485
155 494
155 495
155 497
155 498
156 158
156 165
156 171
156 180
156 182
156 185
156 191
156 218
156 223
156 234
156 249
156 256
156 264
156 285
156 290
156 292
156 297
156 304
156 307
156 315
156 324
156 328
156 331
156 346
156 359
156 360
156 381
156 385
156 402
156 416
156 421
156 422
156 427
156 438
156 476
156 478
156 486
156 487
156 488
157 170
157 172
157 175
157 178
157 192
157 205
157 212
157 225
157 226
157 227
157 266
157 279
157 286
157 301
157 307
157 310
157 327
157 333
157 335
157 348
157 349
157 351
157 379
157 400
157 403
157 415
157 423
157 432
157 454
157 470
157 483
157 486
158 166
158 172
158 175
158 176
158 179
158 196
158 198
158 204
158 210
158 246
158 249
158 255
158 271
158 279
158 283
158 292
158 303
158 316
158 319
158 326
158 327
158 329
158 332
158 339
158 351
158 354
158 359
158 369
158 374
158 375
158 377
158 392
158 393
158 395
158 396
158 408
158 414
158 420
158 422
158 426
158 431
158 440
158 447
158 472
158 485
158 491
158 493
158 495
159 175
159 182
159 202
159 205
159 209
159 214
159 217
159 230
159 252
159 253
159 258
159 263
159 265
159 266
159 283
159 285
159 352
159 353
159 362
159 375
159 378
159 381
159 385
159 389
159 396
159 401
159 405
159 416
159 418
159 448
159 459
159 464
159 477
159 479
159 488
160 162
160 164
160 171
160 178
160 182
160 193
160 196
160 202
160 206
160 219
160 234
160 247
160 280
160 285
160 302
160 313
160 342
160 348
160 356
160 357
160 381
160 383
160 385
160 391
160 403
160 426
160 430
160 432
160 434
160 443
160 448
160 449
160 460
160 474
160 486
160 487
160 494
161 162
161 168
161 172
161 180
161 195
161 196
161 209
161 239
161 243
161 246
161 249
161 253
161 257
161 258
161 261
161 270
161 273
161 284
161 297
161 319
161 330
161 331
161 335
161 344
161 353
161 372
161 376
161 393
161 429
161 442
161 452
161 453
161 457
161 459
161 460
161 489
161 498
161 499
162 163
162 173
162 178
162 184
162 191
162 225
162 228
162 231
162 260
162 265
162 272
162 283
162 296
162 314
162 336
162 337
162 347
162 351
162 357
162 358
162 365
162 367
162 368
162 384
162 394
162 408
162 420
162 421
162 437
162 456
163 165
163 190
163 191
163 196
163 234
163 254
163 275
163 283
163 290
163 294
163 310
163 311
163 360
163 388
163 404
163 409
163 412
163 413
163 421
163 429
163 433
163 444
163 448
163 451
163 457
163 458
163 472
163 477
163 478
164 185
164 195
164 205
164 238
164 241
164 253
164 259
164 260
164 264
164 266
164 273
164 279
164 284
164 289
164 292
164 301
164 303
164 307
164 314
164 318
164 322
164 323
164 325
164 327
164 331
164 337
164 338
164 373
164 392
164 393
164 420
164 428
164 445
164 472
164 478
164 496
165 174
165 188
165 191
165 207
165 211
165 221
165 242
165 277
165 311
165 314
165 347
165 351
165 357
165 360
165 369
165 380
165 385
165 393
165 402
165 405
165 418
165 421
165 441
165 447
165 451
165 472
165 482
165 483
165 485
165 487
165 494
165 499
166 168
166 198
166 204
166 211
166 212
166 218
166 221
166 223
166 226
166 251
166 265
166 277
166 279
166 283
166 315
166 329
166 336
166 351
166 354
166 357
166 369
166 380
166 385
166 386
166 391
166 396
166 397
166 422
166 425
166 435
166 458
166 461
166 462
166 468
166 470
166 479
167 168
167 183
167 185
167 187
167 192
167 201
167 202
167 209
167 218
167 244
167 285
167 288
167 299
167 302
167 305
167 312
167 313
167 341
167 345
167 346
167 356
167 358
167 361
167 366
167 378
167 385
167 415
167 435
167 439
167 448
167 482
168 183
168 205
168 207
168 215
168 223
168 229
168 234
168 235
168 242
168 245
168 260
168 280
168 282
168 298
168 311
168 317
168 319
168 321
168 332
168 336
168 362
168 366
168 367
168 371
168 372
168 375
168 377
168 385
168 388
168 391
168 393
168 398
168 399
168 400
168 409
168 418
168 421
168 441
168 466
168 469
168 470
168 478
169 170
169 172
169 177
169 181
169 198
169 203
169 204
169 206
169 210
169 211
169 216
169 220
169 223
169 232
169 248
169 256
169 259
169 278
169 286
169 287
169 288
169 297
169 313
169 344
169 351
169 360
169 367
169 374
169 398
169 413
169 417
169 429
169 451
169 461
169 473
169 478
169 479
169 481
169 493
170 171
170 172
170 186
170 200
170 217
170 228
170 246
170 261
170 294
170 296
170 297
170 298
170 307
170 309
170 360
170 400
170 408
170 418
170 423
170 445
170 449
170 467
170 478
170 481
170 484
170 485
170 487
170 490
170 499
171 178
171 186
171 189
171 194
171 198
171 232
171 233
171 241
171 244
171 245
171 267
171 292
171 304
171 307
171 315
171 332
171 352
171 356
171 359
171 385
171 386
171 391
171 409
171 422
171 430
171 433
171 435
171 437
171 441
171 443
171 446
171 457
171 462
171 466
171 472
171 488
171 489
171 494
172 184
172 190
172 213
172 218
172 228
172 232
172 247
172 253
172 289
172 313
172 319
172 330
172 332
172 360
172 361
172 366
172 369
172 382
172 384
172 386
172 392
172 403
172 425
172 431
172 434
172 469
172 473
172 498
173 176
173 189
173 204
173 208
173 237
173 239
173 251
173 252
173 255
173 267
173 292
173 317
173 344
173 349
173 351
173 365
173 375
173 389
173 394
173 399
173 406
173 410
173 449
173 458
173 464
173 468
173 498
174 179
174 189
174 197
174 213
174 214
174 215
174 222
174 223
174 228
174 264
174 265
174 266
174 278
174 279
174 280
174 289
174 311
174 354
174 359
174 360
174 369
174 378
174 402
174 425
174 430
174 434
174 438
174 443
174 453
174 455
174 473
174 499
175 181
175 182
175 198
175 200
175 274
175 280
175 282
175 284
175 308
175 321
175 322
175 323
175 326
175 359
175 393
175 400
175 423
175 426
175 434
175 435
175 450
175 466
175 468
175 481
176 179
176 264
176 266
176 268
176 280
176 290
176 292
176 299
176 302
176 312
176 314
176 322
176 332
176 337
176 339
176 351
176 353
176 375
176 381
176 395
176 396
176 406
176 421
176 425
176 457
176 467
176 469
176 472
176 493
176 499
177 189
177 197
177 198
177 202
177 210
177 215
177 228
177 240
177 254
177 257
177 266
177 275
177 279
177 292
177 297
177 313
177 349
177 357
177 358
177 368
177 375
177 379
177 404
177 406
177 411
177 423
177 430
177 435
177 448
177 452
177 477
177 483
177 484
178 179
178 188
178 202
178 213
178 215
178 221
178 223
178 226
178 236
178 244
178 254
178 265
178 270
178 281
178 291
178 293
178 294
178 295
178 310
178 326
178 345
178 352
178 353
178 370
178 382
178 402
178 404
178 411
178 413
178 414
178 429
178 433
178 454
178 483
178 485
178 496
178 498
178 499
179 183
179 186
179 189
179 209
179 236
179 243
179 247
179 250
179 259
179 269
179 279
179 283
179 285
179 290
179 293
179 304
179 306
179 320
179 333
179 354
179 373
179 384
179 397
179 405
179 409
179 427
179 436
179 455
179 461
179 472
179 473
179 475
179 477
179 483
179 487
179 488
180 182
180 189
180 201
180 204
180 216
180 245
180 252
180 270
180 275
180 290
180 300
180 304
180 308
180 312
180 327
180 329
180 330
180 331
180 334
180 338
180 346
180 390
180 403
180 411
180 412
180 458
180 461
180 465
180 482
180 492
180 494
181 193
181 194
181 237
181 239
181 259
181 264
181 266
181 270
181 272
181 277
181 282
181 284
181 285
181 308
181 318
181 327
181 329
181 362
181 375
181 391
181 404
181 432
181 439
181 444
181 455
181 458
181 461
181 463
181 479
181 480
181 481
181 484
181 488
182 183
182 185
182 190
182 216
182 245
182 251
182 263
182 264
182 274
182 285
182 290
182 296
182 316
182 332
182 339
182 358
182 360
182 379
182 382
182 383
182 396
182 415
182 419
182 425
182 432
182 450
182 454
182 464
182 469
182 476
182 478
182 482
182 499
183 188
183 198
183 222
183 234
183 236
183 248
183 253
183 256
183 259
183 264
183 265
183 270
183 275
183 277
183 285
183 300
183 306
183 308
183 311
183 312
183 317
183 340
183 353
183 362
183 382
183 411
183 412
183 443
183 454
183 466
183 472
183 474
183 477
183 478
183 494
183 497
184 203
184 207
184 213
184 222
184 232
184 235
184 240
184 241
184 243
184 254
184 255
184 257
184 267
184 280
184 281
184 282
184 284
184 298
184 303
184 312
184 314
184 325
184 332
184 342
184 353
184 368
184 379
184 387
184 403
184 410
184 411
184 418
184 424
184 428
184 444
184 450
184 452
184 458
184 469
184 486
184 490
184 491
185 193
185 220
185 235
185 247
185 251
185 257
185 260
185 265
185 274
185 293
185 311
185 325
185 327
185 332
185 338
185 357
185 361
185 368
185 381
185 387
185 391
185 415
185 426
185 434
185 441
185 450
185 460
185 465
185 467
185 483
185 488
186 193
186 202
186 223
186 251
186 252
186 254
186 270
186 285
186 290
186 293
186 294
186 300
186 330
186 340
186 345
186 356
186 378
186 379
186 388
186 407
186 430
186 431
186 432
186 447
186 475
186 483
186 489
187 198
187 204
187 208
187 209
187 237
187 271
187 280
187 287
187 294
187 312
187 316
187 317
187 322
187 332
187 334
187 340
187 346
187 367
187 381
187 383
187 394
187 395
187 402
187 460
187 463
187 464
187 469
187 477
187 499
188 209
188 214
188 219
188 242
188 247
188 257
188 272
188 283
188 307
188 317
188 325
188 349
188 353
188 354
188 361
188 362
188 363
188 364
188 381
188 389
188 392
188 393
188 396
188 399
188 416
188 436
188 442
188 451
188 456
188 468
188 478
189 192
189 193
189 201
189 217
189 238
189 247
189 271
189 275
189 277
189 280
189 285
189 311
189 314
189 321
189 352
189 358
189 365
189 374
189 377
189 385
189 389
189 395
189 423
189 435
189 438
189 447
189 461
189 468
190 210
190 212
190 231
190 236
190 242
190 255
190 261
190 289
190 301
190 307
190 316
190 317
190 322
190 338
190 340
190 345
190 346
190 363
190 383
190 398
190 414
190 416
190 417
190 431
190 432
190 439
190 454
190 455
190 460
190 468
190 469
190 471
190 473
190 480
190 490
191 198
191 216
191 218
191 240
191 243
191 255
191 261
191 263
191 270
191 274
191 288
191 291
191 300
191 310
191 316
191 320
191 323
191 327
191 332
191 344
191 367
191 370
191 384
191 391
191 403
191 407
191 408
191 418
191 423
191 428
191 434
191 445
191 464
191 472
191 477
191 482
191 489
191 491
192 212
192 215
192 218
192 222
192 232
192 253
192 289
192 306
192 329
192 332
192 345
192 354
192 356
192 365
192 372
192 385
192 386
192 390
192 398
192 405
192 427
192 434
192 453
192 465
192 473
192 474
192 477
192 480
192 496
192 498
193 196
193 198
193 213
193 217
193 232
193 252
193 267
193 280
193 289
193 302
193 319
193 334
193 341
193 345
193 350
193 362
193 367
193 371
193 390
193 424
193 429
193 443
193 453
193 456
193 462
193 472
193 485
194 200
194 201
194 215
194 221
194 226
194 255
194 259
194 268
194 278
194 286
194 288
194 293
194 315
194 316
194 318
194 319
194 351
194 362
194 366
194 395
194 403
194 405
194 406
194 407
194 414
194 420
194 427
194 440
194 446
194 448
194 453
194 461
194 467
194 471
194 472
194 479
194 482
195 204
195 214
195 222
195 225
195 229
195 255
195 258
195 265
195 286
195 305
195 335
195 385
195 395
195 400
195 409
195 410
195 436
195 441
195 450
195 457
195 462
195 488
196 197
196 202
196 204
196 219
196 237
196 268
196 270
196 272
196 277
196 282
196 301
196 329
196 347
196 362
196 371
196 386
196 387
196 393
196 398
196 416
196 428
196 452
196 462
196 483
196 487
196 490
196 491
197 200
197 205
197 207
197 209
197 215
197 232
197 235
197 239
197 241
197 245
197 283
197 300
197 338
197 348
197 372
197 381
197 383
197 392
197 399
197 406
197 436
197 442
197 449
197 451
197 453
197 471
197 489
198 204
198 207
198 211
198 228
198 232
198 247
198 248
198 268
198 281
198 284
198 303
198 306
198 318
198 321
198 329
198 332
198 334
198 335
198 345
198 365
198 372
198 383
198 386
198 393
198 394
198 395
198 400
198 402
198 405
198 407
198 421
198 433
198 456
198 468
198 474
198 480
198 493
198 498
199 218
199 236
199 240
199 243
199 262
199 265
199 267
199 284
199 292
199 296
199 312
199 316
199 328
199 329
199 339
199 375
199 377
199 386
199 401
199 414
199 428
199 442
199 445
199 469
199 492
199 493
200 229
200 239
200 266
200 267
200 270
200 276
200 279
200 291
200 298
200 311
200 334
200 342
200 346
200 353
200 356
200 362
200 372
200 381
200 384
200 395
200 402
200 419
200 427
200 434
200 440
200 444
200 473
200 483
200 487
200 488
200 489
200 496
201 205
201 211
201 231
201 241
201 243
201 255
201 281
201 301
201 307
201 312
201 353
201 375
201 381
201 386
201 396
201 397
201 412
201 431
201 443
201 445
201 454
201 471
201 497
202 214
202 218
202 220
202 228
202 231
202 240
202 247
202 250
202 251
202 262
202 263
202 269
202 273
202 277
202 283
202 297
202 308
202 351
202 355
202 362
202 370
202 371
202 391
202 409
202 423
202 435
202 443
202 462
202 472
202 475
202 496
203 210
203 213
203 224
203 240
203 242
203 244
203 247
203 253
203 255
203 257
203 263
203 264
203 272
203 287
203 293
203 300
203 308
203 310
203 326
203 330
203 333
203 338
203 343
203 346
203 348
203 358
203 359
203 369
203 373
203 394
203 403
203 408
203 409
203 411
203 424
203 427
203 432
203 435
203 437
203 442
203 450
203 455
203 465
204 209
204 211
204 219
204 231
204 232
204 252
204 269
204 277
204 294
204 297
204 302
204 303
204 309
204 311
204 312
204 328
204 333
204 347
204 375
204 388
204 389
204 402
204 405
204 410
204 422
204 455
204 476
204 481
204 497
205 216
205 220
205 222
205 224
205 229
205 241
205 242
205 244
205 264
205 270
205 282
205 311
205 317
205 324
205 327
205 364
205 401
205 404
205 405
205 412
205 419
205 433
205 435
205 440
205 442
205 459
205 482
205 484
205 490
205 494
206 207
206 233
206 238
206 248
206 268
206 278
206 287
206 297
206 303
206 307
206 329
206 358
206 419
206 422
206 423
206 435
206 445
206 450
206 478
207 219
207 220
207 221
207 237
207 240
207 242
207 256
207 261
207 262
207 270
207 279
207 295
207 302
207 305
207 325
207 338
207 340
207 343
207 350
207 357
207 360
207 361
207 365
207 379
207 382
207 390
207 391
207 392
207 425
207 426
207 430
207 437
207 440
207 444
207 485
207 496
208 227
208 230
208 234
208 241
208 244
208 254
208 260
208 267
208 276
208 282
208 285
208 289
208 294
208 301
208 303
208 316
208 320
208 334
208 349
208 353
208 363
208 367
208 371
208 379
208 416
208 418
208 436
208 439
208 440
208 476
208 479
208 485
208 487
208 490
209 213
209 217
209 218
209 221
209 223
209 235
209 246
209 265
209 269
209 284
209 305
209 306
209 308
209 311
209 318
209 321
209 330
209 353
209 364
209 370
209 384
209 394
209 395
209 402
209 406
209 409
209 413
209 419
209 432
209 443
209 451
209 453
209 458
209 471
209 477
209 485
210 224
210 242
210 254
210 260
210 263
210 268
210 270
210 289
210 302
210 304
210 325
210 326
210 342
210 345
210 361
210 372
210 373
210 379
210 407
210 424
210 430
210 433
210 436
210 446
210 463
210 493
210 496
211 212
211 218
211 225
211 227
211 245
211 254
211 290
211 310
211 317
211 319
211 328
211 335
211 337
211 342
211 347
211 354
211 371
211 374
211 379
211 390
211 393
211 402
211 410
211 420
211 430
211 490
211 493
211 499
212 222
212 242
212 259
212 278
212 289
212 291
212 299
212 309
212 314
212 338
212 346
212 354
212 375
212 386
212 408
212 410
212 411
212 431
212 432
212 457
212 463
212 468
212 470
212 475
212 481
212 482
212 488
212 494
212 496
212 497
212 498
213 262
213 285
213 302
213 316
213 329
213 336
213 337
213 346
213 361
213 387
213 401
213 404
213 454
213 464
213 469
213 491
213 493
213 495
214 216
214 219
214 223
214 226
214 236
214 253
214 256
214 263
214 264
214 265
214 268
214 281
214 286
214 296
214 304
214 305
214 316
214 342
214 349
214 352
214 363
214 370
214 379
214 387
214 413
214 416
214 420
214 429
214 441
214 448
214 449
214 459
214 460
214 486
214 499
215 226
215 231
215 233
215 261
215 272
215 274
215 285
215 290
215 303
215 318
215 319
215 327
215 329
215 339
215 349
215 360
215 366
215 379
215 393
215 394
215 401
215 407
215 409
215 413
215 427
215 436
215 437
215 443
215 444
215 445
215 447
215 462
215 472
215 475
215 480
215 489
216 217
216 226
216 236
216 242
216 244
216 251
216 252
216 269
216 281
216 293
216 317
216 321
216 323
216 336
216 378
216 387
216 401
216 406
216 414
216 420
216 449
216 450
216 454
216 463
216 469
216 472
216 477
217 223
217 235
217 236
217 241
217 242
217 243
217 286
217 333
217 357
217 364
217 369
217 371
217 383
217 386
217 394
217 432
217 433
217 434
217 448
217 463
217 468
217 473
217 480
218 244
218 250
218 254
218 280
218 310
218 312
218 334
218 335
218 339
218 344
218 345
218 358
218 365
218 376
218 384
218 388
218 389
218 390
218 403
218 408
218 412
218 433
218 445
218 475
218 483
219 221
219 223
219 226
219 228
219 231
219 232
219 244
219 248
219 255
219 261
219 268
219 276
219 281
219 300
219 304
219 307
219 334
219 347
219 359
219 364
219 368
219 374
219 394
219 402
219 416
219 418
219 419
219 421
219 431
219 442
219 444
219 450
219 459
219 470
219 496
220 225
220 232
220 233
220 242
220 257
220 261
220 264
220 269
220 289
220 290
220 304
220 333
220 334
220 345
220 365
220 379
220 390
220 394
220 401
220 417
220 418
220 427
220 460
220 461
220 480
220 483
220 488
220 492
220 496
221 226
221 228
221 245
221 262
221 270
221 277
221 283
221 294
221 300
221 307
221 313
221 320
221 341
221 351
221 371
221 386
221 411
221 413
221 417
221 419
221 444
221 471
221 475
221 496
221 498
222 245
222 248
222 251
222 255
222 277
222 284
222 292
222 295
222 311
222 319
222 351
222 358
222 371
222 378
222 393
222 397
222 402
222 406
222 413
222 414
222 426
222 458
222 472
222 478
222 481
222 484
222 485
222 486
223 231
223 242
223 249
223 255
223 262
223 263
223 271
223 281
223 283
223 294
223 302
223 303
223 308
223 312
223 327
223 340
223 351
223 355
223 364
223 367
223 369
223 372
223 373
223 412
223 421
223 444
223 448
223 455
223 460
224 238
224 251
224 260
224 265
224 272
224 273
224 282
224 288
224 293
224 306
224 312
224 314
224 317
224 326
224 342
224 363
224 365
224 400
224 431
224 432
224 437
224 452
224 455
224 467
224 470
225 236
225 240
225 255
225 276
225 286
225 298
225 322
225 325
225 349
225 353
225 361
225 371
225 377
225 387
225 391
225 394
225 396
225 398
225 399
225 405
225 416
225 419
225 428
225 437
225 471
225 473
225 484
225 499
226 227
226 228
226 244
226 250
226 254
226 260
226 267
226 272
226 278
226 287
226 302
226 315
226 316
226 331
226 343
226 350
226 371
226 379
226 383
226 389
226 397
226 401
226 425
226 435
226 439
226 441
226 461
226 477
227 229
227 234
227 248
227 257
227 268
227 275
227 276
227 288
227 328
227 329
227 338
227 342
227 374
227 375
227 378
227 407
227 415
227 432
227 460
227 476
227 481
228 238
228 241
228 259
228 281
228 285
228 301
228 337
228 343
228 348
228 351
228 352
228 366
228 376
228 389
228 397
228 407
228 419
228 433
228 440
228 470
228 471
228 473
228 478
229 230
229 242
229 283
229 298
229 300
229 314
229 315
229 334
229 336
229 346
229 348
229 349
229 358
229 377
229 399
229 407
229 429
229 434
229 441
229 452
229 459
229 463
229 469
229 488
229 492
230 236
230 247
230 256
230 278
230 284
230 308
230 325
230 348
230 364
230 397
230 414
230 425
230 444
230 481
231 233
231 250
231 252
231 255
231 270
231 274
231 287
231 291
231 292
231 297
231 306
231 307
231 324
231 342
231 344
231 347
231 352
231 390
231 398
231 414
231 422
231 434
231 447
231 467
231 468
231 474
231 482
231 487
231 489
232 241
232 247
232 248
232 258
232 266
232 270
232 282
232 293
232 313
232 320
232 326
232 328
232 339
232 351
232 361
232 362
232 378
232 384
232 387
232 405
232 419
232 465
232 467
232 479
232 484
232 493
232 495
233 234
233 236
233 238
233 240
233 246
233 261
233 266
233 269
233 273
233 278
233 281
233 300
233 303
233 310
233 323
233 334
233 339
233 350
233 388
233 409
233 412
233 416
233 419
233 427
233 444
233 465
233 472
233 474
233 478
233 487
233 491
233 492
233 494
233 497
233 499
234 252
234 270
234 294
234 300
234 301
234 305
234 317
234 321
234 323
234 328
234 333
234 336
234 391
234 407
234 409
234 424
234 434
234 436
234 444
234 450
234 467
234 496
234 497
234 498
234 499
235 252
235 254
235 264
235 268
235 293
235 321
235 346
235 354
235 360
235 361
235 367
235 369
235 379
235 382
235 383
235 388
235 420
235 468
235 472
235 489
235 492
236 238
236 246
236 247
236 253
236 262
236 264
236 276
236 283
236 285
236 291
236 308
236 312
236 314
236 385
236 393
236 401
236 429
236 432
236 433
236 445
236 465
236 466
236 490
236 492
236 495
237 239
237 256
237 261
237 269
237 299
237 303
237 308
237 317
237 324
237 339
237 373
237 376
237 377
237 381
237 391
237 397
237 400
237 453
237 456
237 473
237 474
237 475
237 477
237 484
238 250
238 252
238 261
238 275
238 283
238 291
238 294
238 305
238 309
238 317
238 335
238 345
238 352
238 394
238 397
238 401
238 403
238 407
238 415
238 416
238 420
238 426
238 432
238 435
238 440
238 441
238 443
238 446
238 457
238 467
238 484
239 264
239 265
239 267
239 279
239 285
239 287
239 288
239 300
239 309
239 314
239 351
239 359
239 381
239 393
239 399
239 413
239 433
239 450
239 453
239 465
239 474
239 475
239 486
240 244
240 266
240 284
240 305
240 308
240 309
240 313
240 323
240 346
240 347
240 350
240 363
240 364
240 374
240 388
240 410
240 412
240 426
240 427
240 428
240 435
240 452
240 456
241 246
241 266
241 268
241 288
241 348
241 352
241 371
241 383
241 387
241 403
241 406
241 422
241 441
241 447
241 464
241 468
241 488
242 251
242 253
242 254
242 261
242 273
242 294
242 297
242 306
242 317
242 323
242 325
242 328
242 330
242 334
242 343
242 353
242 374
242 381
242 407
242 417
242 422
242 425
242 428
242 431
242 438
242 439
242 448
242 477
242 494
243 249
243 250
243 256
243 261
243 264
243 275
243 280
243 293
243 298
243 302
243 319
243 324
243 333
243 340
243 347
243 353
243 364
243 374
243 386
243 394
243 406
243 408
243 412
243 413
243 418
243 423
243 426
243 430
243 438
243 439
243 440
243 446
243 449
243 450
243 454
243 460
243 461
243 467
243 469
243 480
243 483
244 247
244 252
244 253
244 254
244 274
244 283
244 295
244 299
244 306
244 314
244 324
244 328
244 333
244 339
244 370
244 375
244 384
244 386
244 392
244 394
244 397
244 427
244 436
244 449
244 452
244 459
244 474
244 476
244 492
244 496
245 248
245 265
245 266
245 280
245 333
245 342
245 347
245 348
245 353
245 354
245 356
245 364
245 365
245 370
245 399
245 401
245 429
245 441
245 443
245 449
245 464
245 465
245 476
245 477
245 481
245 497
245 498
246 248
246 262
246 272
246 280
246 284
246 285
246 298
246 325
246 326
246 327
246 358
246 362
246 364
246 372
246 378
246 384
246 386
246 388
246 389
246 391
246 412
246 416
246 432
246 433
246 437
246 441
246 455
246 462
246 464
246 485
247 251
247 259
247 264
247 269
247 270
247 279
247 286
247 291
247 292
247 294
247 297
247 312
247 315
247 322
247 328
247 333
247 369
247 389
247 398
247 399
247 403
247 416
247 417
247 433
247 434
247 436
247 472
247 482
247 490
248 254
248 260
248 264
248 277
248 279
248 281
248 286
248 319
248 325
248 335
248 338
248 339
248 340
248 345
248 347
248 379
248 393
248 398
248 417
248 431
248 442
248 445
248 448
248 453
248 461
248 466
248 472
248 476
248 481
248 487
248 498
249 255
249 264
249 275
249 282
249 283
249 306
249 308
249 338
249 341
249 342
249 352
249 364
249 375
249 377
249 383
249 390
249 392
249 393
249 398
249 400
249 403
249 410
249 418
249 424
249 432
249 447
249 473
249 475
249 483
249 484
249 497
250 254
250 255
250 266
250 280
250 290
250 309
250 313
250 315
250 330
250 346
250 354
250 363
250 373
250 383
250 384
250 386
250 393
250 408
250 423
250 434
250 448
250 462
250 468
250 483
250 494
251 256
251 260
251 265
251 300
251 302
251 322
251 348
251 376
251 380
251 385
251 395
251 417
251 429
251 437
251 439
251 445
251 461
251 463
251 468
251 477
251 487
252 254
252 267
252 289
252 297
252 301
252 308
252 310
252 312
252 319
252 323
252 326
252 328
252 342
252 345
252 367
252 372
252 402
252 404
252 408
252 414
252 422
252 437
252 455
252 475
252 498
253 268
253 290
253 299
253 305
253 314
253 321
253 331
253 370
253 388
253 390
253 396
253 403
253 408
253 415
253 418
253 439
253 440
253 445
253 473
253 477
254 257
254 269
254 270
254 272
254 276
254 279
254 281
254 289
254 301
254 329
254 343
254 347
254 358
254 360
254 365
254 381
254 387
254 403
254 409
254 419
254 430
254 442
254 459
254 493
254 499
255 268
255 278
255 284
255 306
255 329
255 331
255 336
255 365
255 382
255 402
255 415
255 422
255 428
255 441
255 456
255 468
255 469
255 477
255 478
255 488
256 258
256 260
256 269
256 273
256 280
256 293
256 324
256 338
256 357
256 367
256 375
256 380
256 392
256 404
256 411
256 412
256 414
256 444
256 474
256 479
256 480
257 264
257 269
257 272
257 275
257 281
257 303
257 312
257 330
257 337
257 339
257 356
257 362
257 368
257 377
257 378
257 380
257 423
257 424
257 437
257 443
257 452
257 458
257 460
257 483
258 260
258 261
258 293
258 295
258 302
258 308
258 309
258 311
258 313
258 319
258 323
258 378
258 380
258 414
258 435
258 441
258 457
258 459
258 463
258 466
258 483
259 269
259 274
259 276
259 281
259 283
259 288
259 298
259 300
259 312
259 321
259 324
259 327
259 334
259 346
259 351
259 352
259 362
259 400
259 404
259 413
259 443
259 445
259 447
259 449
259 455
259 457
259 458
259 460
259 469
259 482
259 489
259 494
260 282
260 287
260 298
260 307
260 308
260 317
260 355
260 360
260 402
260 406
260 416
260 422
260 428
260 456
260 475
260 485
260 486
261 280
261 306
261 307
261 314
261 323
261 329
261 332
261 345
261 349
261 350
261 375
261 395
261 422
261 423
261 429
261 446
261 461
261 463
261 490
261 491
262 266
262 270
262 276
262 284
262 299
262 308
262 325
262 327
262 332
262 340
262 354
262 359
262 377
262 394
262 399
262 404
262 432
262 440
262 472
262 483
262 492
262 493
263 268
263 282
263 292
263 299
263 303
263 328
263 333
263 336
263 347
263 348
263 351
263 352
263 381
263 423
263 436
263 439
263 442
263 453
263 480
264 275
264 315
264 317
264 347
264 365
264 375
264 378
264 395
264 399
264 417
264 442
264 447
264 448
264 453
264 474
264 484
264 485
264 499
265 269
265 276
265 287
265 306
265 308
265 319
265 320
265 324
265 332
265 337
265 340
265 362
265 369
265 387
265 394
265 397
265 405
265 406
265 408
265 409
265 427
265 428
265 429
265 431
265 444
265 460
265 473
265 477
265 492
266 274
266 296
266 307
266 337
266 359
266 361
266 377
266 394
266 416
266 421
266 429
266 443
266 450
266 453
266 456
266 461
266 468
266 474
267 268
267 306
267 313
267 314
267 327
267 328
267 331
267 351
267 356
267 369
267 378
267 386
267 396
267 424
267 434
267 444
267 453
267 463
267 473
267 495
268 275
268 277
268 286
268 288
268 303
268 307
268 327
268 329
268 332
268 346
268 350
268 364
268 371
268 376
268 385
268 397
268 399
268 409
268 413
268 415
268 424
268 443
268 447
268 449
268 450
268 464
268 466
268 474
268 478
268 488
268 498
269 296
269 303
269 305
269 308
269 325
269 337
269 355
269 357
269 372
269 373
269 376
269 394
269 395
269 398
269 406
269 407
269 409
269 425
269 429
269 434
269 438
269 446
269 452
269 463
269 464
269 475
270 280
270 317
270 320
270 325
270 328
270 332
270 344
270 347
270 354
270 355
270 367
270 370
270 375
270 379
270 383
270 391
270 396
270 398
270 401
270 414
270 421
270 423
270 427
270 435
270 438
270 446
270 453
270 463
270 473
270 477
270 485
270 487
271 272
271 275
271 289
271 309
271 327
271 365
271 371
271 383
271 405
271 415
271 420
271 431
271 440
271 465
271 472
272 295
272 306
272 333
272 349
272 354
272 358
272 365
272 369
272 372
272 377
272 395
272 404
272 405
272 414
272 419
272 435
272 444
272 446
272 450
272 459
272 466
273 284
273 293
273 300
273 306
273 314
273 322
273 325
273 339
273 344
273 371
273 376
273 379
273 381
273 389
273 390
273 399
273 411
273 417
273 418
273 422
273 442
273 468
273 472
273 480
273 481
273 497
274 275
274 277
274 280
274 311
274 315
274 320
274 322
274 323
274 330
274 348
274 356
274 365
274 378
274 382
274 384
274 386
274 408
274 416
274 418
274 421
274 422
274 437
274 448
274 463
274 466
274 481
275 286
275 320
275 337
275 340
275 356
275 357
275 358
275 362
275 366
275 384
275 391
275 395
275 398
275 453
275 455
275 459
276 285
276 290
276 305
276 308
276 313
276 333
276 335
276 339
276 343
276 361
276 362
276 376
276 392
276 400
276 401
276 420
276 426
276 454
276 456
276 488
276 491
277 278
277 291
277 305
277 312
277 348
277 350
277 354
277 377
277 392
277 408
277 422
277 430
277 432
277 450
277 472
277 478
277 486
278 286
278 295
278 303
278 322
278 333
278 336
278 362
278 382
278 386
278 409
278 419
278 422
278 439
278 446
278 452
278 458
278 465
278 474
278 491
278 492
279 281
279 285
279 292
279 330
279 346
279 351
279 353
279 356
279 390
279 395
279 398
279 424
279 436
279 467
279 470
279 480
279 491
279 493
279 496
280 286
280 287
280 294
280 299
280 317
280 318
280 337
280 348
280 354
280 357
280 366
280 371
280 377
280 431
280 432
280 460
280 489
281 304
281 308
281 310
281 318
281 328
281 360
281 362
281 363
281 364
281 373
281 379
281 396
281 407
281 420
281 437
281 441
281 444
281 446
281 450
281 452
281 455
281 456
281 464
281 466
281 470
281 473
282 289
282 296
282 311
282 318
282 342
282 345
282 351
282 360
282 414
282 428
282 432
282 438
282 440
282 442
282 450
282 460
282 462
282 467
282 483
282 490
282 492
283 294
283 310
283 315
283 326
283 340
283 345
283 354
283 362
283 364
283 365
283 367
283 372
283 381
283 387
283 388
283 391
283 394
283 408
283 424
283 450
283 463
283 490
283 496
284 289
284 292
284 316
284 317
284 322
284 324
284 326
284 351
284 371
284 418
284 431
284 438
284 444
284 451
284 461
284 466
284 475
284 489
284 492
284 494
285 302
285 307
285 310
285 315
285 328
285 331
285 338
285 378
285 401
285 402
285 409
285 425
285 436
285 438
285 479
285 482
286 290
286 291
286 295
286 297
286 306
286 315
286 332
286 344
286 382
286 388
286 392
286 399
286 406
286 413
286 421
286 432
286 433
286 438
286 439
286 445
286 449
286 467
286 473
286 476
286 479
286 485
286 496
286 498
287 292
287 307
287 322
287 351
287 363
287 364
287 377
287 397
287 417
287 424
287 458
287 484
288 296
288 317
288 328
288 335
288 343
288 347
288 348
288 359
288 365
288 378
288 388
288 395
288 397
288 399
288 412
288 425
288 426
288 431
288 439
288 447
288 460
288 462
288 463
288 470
288 473
289 299
289 300
289 302
289 306
289 315
289 316
289 321
289 326
289 328
289 330
289 333
289 339
289 343
289 347
289 385
289 391
289 392
289 410
289 411
289 422
289 438
289 440
289 447
289 453
289 461
289 469
289 486
289 496
290 296
290 298
290 299
290 305
290 354
290 362
290 371
290 378
290 380
290 383
290 385
290 395
290 401
290 419
290 426
290 428
290 430
290 448
290 461
290 477
290 478
290 492
290 493
291 294
291 296
291 300
291 302
291 312
291 322
291 325
291 326
291 332
291 343
291 345
291 353
291 354
291 359
291 362
291 365
291 378
291 386
291 390
291 400
291 402
291 412
291 429
291 439
291 442
291 446
291 449
291 455
291 456
291 457
291 459
291 460
291 461
291 464
291 467
291 472
291 475
291 477
291 481
291 483
291 488
291 489
292 294
292 298
292 315
292 317
292 331
292 335
292 342
292 346
292 355
292 378
292 386
292 417
292 422
292 424
292 430
292 436
292 437
292 448
292 451
292 467
292 471
292 480
292 487
292 491
293 316
293 320
293 329
293 347
293 369
293 371
293 386
293 392
293 402
293 407
293 419
293 446
293 454
293 473
293 482
293 497
294 295
294 304
294 305
294 318
294 325
294 330
294 333
294 347
294 353
294 361
294 378
294 379
294 383
294 391
294 401
294 410
294 422
294 425
294 429
294 447
294 463
294 473
294 481
294 499
295 314
295 315
295 316
295 317
295 324
295 334
295 348
295 364
295 369
295 377
295 390
295 394
295 414
295 491
296 300
296 318
296 327
296 328
296 363
296 375
296 384
296 408
296 422
296 434
296 444
296 451
296 464
296 476
296 483
296 490
296 493
296 496
297 303
297 330
297 339
297 341
297 356
297 365
297 370
297 373
297 385
297 389
297 413
297 428
297 435
297 441
297 451
297 458
297 461
297 465
297 472
297 495
297 496
298 304
298 314
298 332
298 336
298 344
298 362
298 378
298 396
298 408
298 409
298 412
298 415
298 422
298 431
298 434
298 440
298 441
298 458
298 466
298 468
298 488
298 490
298 492
299 302
299 306
299 332
299 337
299 350
299 358
299 380
299 381
299 389
299 391
299 392
299 394
299 402
299 407
299 419
299 422
299 440
299 442
299 445
299 455
300 308
300 311
300 321
300 323
300 330
300 345
300 369
300 382
300 386
300 406
300 417
300 418
300 431
300 438
300 452
300 464
300 468
300 485
300 486
300 488
300 494
301 336
301 342
301 348
301 352
301 354
301 356
301 359
301 367
301 368
301 378
301 380
301 383
301 385
301 401
301 403
301 415
301 417
301 419
301 429
301 432
301 436
301 438
301 439
301 456
301 498
302 310
302 321
302 323
302 328
302 336
302 348
302 365
302 367
302 381
302 384
302 403
302 435
302 448
302 488
302 494
303 304
303 306
303 312
303 318
303 328
303 345
303 350
303 370
303 394
303 414
303 424
303 455
303 460
303 465
303 466
303 484
303 492
304 319
304 328
304 332
304 349
304 363
304 375
304 386
304 389
304 396
304 407
304 426
304 430
304 440
304 444
304 446
304 451
304 458
304 463
304 465
304 477
304 478
304 485
304 486
304 490
304 491
305 317
305 328
305 337
305 351
305 364
305 370
305 376
305 379
305 390
305 404
305 423
305 434
305 466
305 471
305 479
306 314
306 320
306 324
306 326
306 336
306 338
306 393
306 395
306 407
306 436
306 440
306 442
306 457
306 479
306 488
306 495
307 308
307 357
307 367
307 375
307 377
307 396
307 397
307 399
307 400
307 405
307 415
307 424
307 431
307 449
307 460
307 468
307 475
307 481
307 495
307 499
308 315
308 340
308 342
308 355
308 370
308 371
308 397
308 398
308 405
308 406
308 418
308 444
308 448
308 463
308 472
308 484
308 486
308 492
309 312
309 326
309 329
309 336
309 358
309 375
309 382
309 386
309 403
309 406
309 414
309 420
309 422
309 434
309 444
309 455
309 456
309 460
309 472
309 478
309 479
309 494
309 499
310 317
310 320
310 326
310 332
310 341
310 342
310 344
310 346
310 349
310 373
310 408
310 409
310 419
310 427
310 430
310 442
310 454
310 483
310 485
310 498
311 327
311 330
311 344
311 345
311 347
311 356
311 376
311 377
311 388
311 396
311 400
311 415
311 441
311 442
311 445
311 458
311 462
311 464
311 482
311 493
312 322
312 338
312 361
312 362
312 364
312 373
312 377
312 393
312 399
312 414
312 417
312 424
312 432
312 438
312 441
312 446
312 452
313 327
313 330
313 349
313 362
313 367
313 378
313 423
313 473
314 322
314 333
314 343
314 345
314 351
314 355
314 410
314 428
314 440
314 449
314 453
314 466
314 470
314 483
314 484
314 492
315 320
315 325
315 327
315 350
315 352
315 356
315 367
315 370
315 375
315 376
315 389
315 391
315 397
315 414
315 428
315 437
315 439
315 440
315 450
315 477
316 357
316 377
316 378
316 383
316 397
316 411
316 437
316 459
316 463
316 467
316 468
316 469
316 472
316 475
316 478
316 490
316 498
317 324
317 331
317 336
317 339
317 384
317 392
317 396
317 398
317 404
317 448
317 458
317 476
317 487
318 326
318 328
318 346
318 364
318 376
318 385
318 421
318 423
318 469
318 490
318 493
319 320
319 325
319 338
319 360
319 362
319 371
319 372
319 375
319 383
319 391
319 393
319 395
319 398
319 399
319 402
319 407
319 420
319 430
319 446
319 467
319 472
319 476
319 480
319 490
320 324
320 326
320 331
320 339
320 347
320 357
320 359
320 381
320 421
320 425
320 426
320 435
320 450
320 457
320 475
320 478
320 481
320 483
320 485
320 489
320 495
320 498
321 330
321 333
321 354
321 361
321 364
321 378
321 389
321 390
321 396
321 417
321 420
321 433
321 449
321 452
321 454
321 479
321 481
322 347
322 351
322 354
322 359
322 364
322 369
322 376
322 379
322 388
322 400
322 404
322 420
322 424
322 429
322 431
322 459
322 471
322 473
322 474
322 477
322 484
323 326
323 330
323 346
323 349
323 350
323 352
323 397
323 410
323 420
323 436
323 463
323 465
323 475
323 481
323 485
323 488
323 498
324 326
324 359
324 442
324 443
324 447
324 491
325 328
325 341
325 367
325 369
325 385
325 391
325 407
325 414
325 415
325 426
325 449
325 485
325 487
325 498
325 499
326 340
326 349
326 351
326 353
326 384
326 388
326 392
326 396
326 404
326 425
326 428
326 437
326 442
326 447
326 458
326 468
326 479
326 483
327 330
327 331
327 370
327 376
327 389
327 410
327 412
327 428
327 431
327 445
327 446
327 472
327 474
327 476
327 484
327 487
327 494
327 499
328 339
328 346
328 352
328 373
328 384
328 385
328 387
328 396
328 400
328 401
328 414
328 416
328 417
328 443
328 457
328 460
328 473
328 487
329 334
329 349
329 368
329 374
329 396
329 401
329 407
329 412
329 416
329 426
329 427
329 432
329 464
329 478
329 481
329 488
330 339
330 349
330 353
330 360
330 362
330 372
330 378
330 381
330 398
330 417
330 428
330 429
330 436
330 438
330 443
330 446
330 450
330 481
330 482
330 494
331 347
331 354
331 355
331 374
331 380
331 384
331 398
331 422
331 423
331 427
331 442
331 462
331 470
331 475
331 480
331 486
331 494
332 336
332 355
332 356
332 363
332 367
332 388
332 401
332 413
332 420
332 438
332 440
332 457
332 465
332 466
332 477
332 478
332 484
332 485
332 486
333 338
333 368
333 385
333 387
333 399
333 417
333 440
333 454
333 458
333 463
333 475
333 482
333 484
333 490
333 492
334 335
334 360
334 374
334 377
334 391
334 435
334 440
334 441
334 442
334 445
334 453
334 454
334 462
334 464
334 472
334 489
334 493
334 495
335 336
335 348
335 362
335 371
335 373
335 386
335 387
335 391
335 401
335 412
335 419
335 427
335 433
335 459
335 478
335 484
335 487
335 489
335 494
335 498
335 499
336 338
336 348
336 352
336 364
336 369
336 371
336 387
336 392
336 399
336 412
336 442
336 447
336 448
336 456
336 466
336 472
337 352
337 354
337 376
337 379
337 383
337 385
337 390
337 393
337 421
337 424
337 439
337 455
337 456
337 461
337 465
337 487
338 340
338 343
338 352
338 354
338 361
338 371
338 384
338 404
338 417
338 418
338 431
338 432
338 447
338 453
338 458
338 461
338 476
338 481
338 488
338 492
339 356
339 366
339 381
339 388
339 392
339 393
339 400
339 425
339 460
339 465
339 474
339 475
339 486
340 381
340 382
340 391
340 431
340 435
340 438
340 439
340 441
340 449
340 463
341 371
341 375
341 385
341 389
341 399
341 404
341 413
341 414
341 418
341 424
341 427
341 433
341 440
341 442
341 458
341 459
342 355
342 374
342 376
342 386
342 396
342 398
342 403
342 429
342 434
342 436
342 441
342 450
342 454
342 469
342 474
342 475
342 479
343 344
343 357
343 362
343 372
343 396
343 405
343 423
343 426
343 438
343 446
343 451
343 454
343 470
343 482
343 483
343 485
344 367
344 382
344 387
344 400
344 409
344 413
344 433
344 462
344 484
344 489
344 499
345 346
345 360
345 362
345 366
345 367
345 369
345 384
345 389
345 404
345 406
345 408
345 412
345 414
345 415
345 420
345 422
345 427
345 434
345 438
345 445
345 475
345 482
345 484
345 497
346 357
346 363
346 374
346 376
346 383
346 417
346 425
346 428
346 429
346 439
346 469
346 480
346 482
346 484
346 490
346 494
346 499
347 350
347 369
347 382
347 386
347 387
347 394
347 400
347 412
347 413
347 420
347 427
347 438
347 452
347 469
347 484
347 491
348 357
348 439
348 444
348 447
348 455
348 457
348 458
348 462
348 482
348 486
348 487
349 354
349 387
349 397
349 401
349 408
349 410
349 412
349 418
349 425
349 461
349 474
349 479
349 480
349 482
350 366
350 377
350 385
350 396
350 399
350 403
350 410
350 412
350 413
350 445
350 457
350 461
350 471
351 353
351 359
351 375
351 391
351 398
351 399
351 411
351 421
351 452
351 453
351 457
351 470
351 477
351 482
351 483
352 354
352 361
352 386
352 388
352 405
352 414
352 415
352 420
352 430
352 436
352 438
352 465
353 357
353 363
353 366
353 367
353 369
353 376
353 377
353 378
353 388
353 417
353 436
353 466
353 472
353 479
353 487
353 496
354 364
354 374
354 382
354 383
354 384
354 389
354 417
354 419
354 428
354 441
354 469
354 474
354 494
354 497
355 359
355 363
355 392
355 410
355 425
355 446
355 459
355 492
355 499
356 372
356 388
356 397
356 400
356 405
356 431
356 444
356 448
356 451
356 457
356 481
356 487
357 383
357 388
357 391
357 401
357 410
357 447
357 448
357 451
357 453
357 478
357 494
357 499
358 367
358 379
358 380
358 387
358 408
358 440
358 459
358 463
358 466
358 467
358 477
358 490
358 495
358 496
359 391
359 401
359 406
359 414
359 422
359 428
359 429
359 457
359 494
359 496
360 361
360 362
360 372
360 385
360 388
360 426
360 427
360 446
360 474
360 476
360 489
360 497
360 499
361 378
361 384
361 389
361 418
361 422
361 449
361 468
361 475
361 479
361 480
361 484
362 369
362 373
362 375
362 382
362 388
362 397
362 422
362 435
362 444
362 448
362 455
362 486
362 499
363 376
363 383
363 385
363 386
363 387
363 390
363 392
363 393
363 407
363 419
363 425
363 430
363 433
363 442
363 448
363 450
363 465
363 469
363 477
363 484
364 376
364 379
364 388
364 394
364 405
364 407
364 414
364 417
364 427
364 431
364 438
364 453
364 464
364 466
364 473
364 476
365 371
365 379
365 389
365 396
365 398
365 401
365 418
365 429
365 442
365 445
365 451
365 453
365 457
365 483
365 486
365 489
366 368
366 392
366 394
366 399
366 411
366 418
366 423
366 429
366 446
366 455
366 466
367 370
367 383
367 392
367 403
367 408
367 411
367 417
367 434
367 444
367 449
367 463
367 474
367 475
367 479
367 482
367 488
368 377
368 386
368 389
368 390
368 398
368 407
368 408
368 419
368 421
368 448
368 451
368 453
368 461
368 479
368 480
368 482
368 489
369 378
369 382
369 397
369 403
369 418
369 424
369 430
369 442
369 464
369 466
369 470
369 477
369 483
369 484
369 487
369 491
369 493
370 381
370 393
370 397
370 408
370 413
370 420
370 438
370 467
370 485
370 487
371 388
371 390
371 391
371 405
371 413
371 418
371 427
371 430
371 431
371 432
371 440
371 444
371 449
371 493
371 495
372 379
372 403
372 418
372 441
372 452
372 468
372 479
372 485
373 374
373 382
373 383
373 394
373 414
373 415
373 418
373 431
373 440
373 452
373 456
373 466
373 471
373 476
373 484
373 486
373 490
373 492
374 389
374 393
374 401
374 403
374 419
374 426
374 433
374 445
374 454
374 473
374 481
374 491
374 492
374 494
375 383
375 387
375 388
375 393
375 395
375 434
375 437
375 441
375 462
375 468
375 470
376 377
376 399
376 401
376 409
376 410
376 424
376 426
376 430
376 432
376 453
376 466
376 478
377 378
377 387
377 388
377 399
377 406
377 414
377 417
377 429
377 434
377 435
377 450
377 459
377 472
377 487
377 494
377 495
378 380
378 384
378 388
378 393
378 396
378 400
378 407
378 459
378 472
378 479
378 497
379 384
379 389
379 392
379 406
379 409
379 413
379 419
379 428
379 433
379 440
379 493
379 499
380 392
380 425
380 428
380 429
380 440
380 453
380 466
380 477
380 481
380 486
380 495
380 498
381 383
381 386
381 437
381 460
381 480
381 483
381 486
382 417
382 420
382 424
382 458
382 464
382 465
382 485
382 499
383 400
383 410
383 413
383 420
383 440
383 443
383 464
383 485
383 487
384 393
384 417
384 448
384 462
384 469
384 481
384 484
385 392
385 410
385 423
385 428
385 441
385 446
385 456
385 459
385 463
385 478
385 493
385 498
386 409
386 424
386 448
386 483
386 484
387 398
387 418
387 431
387 444
387 451
387 452
387 454
387 474
387 480
387 482
387 491
388 407
388 408
388 426
388 459
388 473
388 475
388 488
388 489
389 404
389 409
389 427
389 432
389 440
389 441
389 454
389 458
389 485
390 420
390 421
390 423
390 435
390 445
390 449
390 465
390 472
390 473
390 475
390 495
391 393
391 403
391 424
391 444
391 445
391 453
391 468
391 475
391 478
391 485
391 497
392 397
392 427
392 434
392 435
392 436
392 456
392 478
392 485
392 486
392 499
393 396
393 408
393 410
393 416
393 418
393 419
393 428
393 435
393 439
393 444
393 457
393 472
393 479
393 480
393 484
393 487
393 498
394 403
394 417
394 424
394 430
394 445
394 459
394 463
394 468
394 491
394 495
395 401
395 407
395 414
395 425
395 435
395 454
395 464
395 467
395 476
395 483
395 489
395 498
396 399
396 403
396 404
396 411
396 431
396 446
396 471
396 473
396 474
396 480
396 484
396 487
396 495
397 414
397 431
397 444
397 454
397 456
397 465
397 474
397 483
397 484
397 491
397 496
398 411
398 413
398 426
398 441
398 449
398 461
398 468
398 474
398 489
398 498
399 408
399 412
399 422
399 446
399 453
399 458
399 464
399 467
399 497
400 407
400 437
400 451
400 458
400 459
400 479
400 494
400 496
401 402
401 432
401 438
401 440
401 479
401 495
402 403
402 422
402 426
402 429
402 447
402 473
402 476
402 497
403 406
403 410
403 421
403 424
403 434
403 439
403 440
403 454
403 461
403 468
403 478
403 490
403 492
403 495
404 411
404 431
404 432
404 458
404 481
404 489
404 491
404 497
404 498
405 406
405 407
405 413
405 414
405 416
405 420
405 421
405 430
405 437
405 458
405 478
405 481
405 489
405 490
406 423
406 424
406 428
406 432
406 446
406 449
406 450
406 451
406 459
406 471
407 409
407 410
407 425
407 435
407 438
407 452
407 463
407 478
407 481
407 484
408 411
408 423
408 427
408 433
408 440
408 442
408 461
408 466
408 469
408 475
408 479
408 483
408 486
408 490
408 499
409 412
409 416
409 418
409 419
409 427
409 428
409 439
409 446
409 462
409 480
409 488
409 490
410 425
410 437
410 457
410 481
410 488
410 493
410 498
411 416
411 422
411 430
411 433
411 442
411 443
411 446
411 447
411 454
411 457
411 462
411 468
411 469
411 476
411 488
411 494
411 495
412 420
412 431
412 445
412 450
412 459
412 462
412 472
412 488
413 426
413 449
413 484
414 433
414 451
414 458
414 475
415 417
415 425
415 446
415 460
416 427
416 429
416 444
416 446
416 456
416 461
416 478
416 493
417 451
417 461
417 466
417 488
417 494
417 495
418 421
418 442
418 444
418 447
418 451
418 461
418 462
418 467
418 487
418 493
418 496
419 430
419 433
419 434
419 444
419 449
419 463
419 464
419 466
419 474
419 476
420 422
420 440
420 462
420 478
420 489
420 493
420 498
421 428
421 434
421 445
421 475
422 430
422 434
422 447
422 463
422 472
422 476
422 477
422 483
422 492
423 432
423 447
423 455
423 461
423 462
423 471
423 472
423 475
423 479
423 482
424 439
424 440
424 462
424 466
424 470
424 472
424 482
424 485
424 487
425 431
425 452
425 455
425 476
425 480
425 497
426 432
426 473
426 478
426 481
426 499
427 454
427 457
427 462
427 467
427 478
427 495
428 461
428 468
428 470
428 475
428 479
429 431
429 440
429 448
429 480
429 482
429 489
429 498
430 443
430 449
430 468
430 479
430 480
430 483
430 489
430 491
430 494
431 444
431 450
431 470
431 471
431 488
431 497
432 439
432 443
432 445
432 446
432 452
432 479
432 481
432 486
433 434
433 441
433 443
433 455
433 468
433 486
433 488
433 490
433 499
434 448
434 471
434 482
434 487
435 438
435 454
435 480
436 463
436 466
436 479
436 480
436 482
436 490
436 497
437 440
437 447
437 450
437 472
437 480
437 490
438 439
438 440
438 441
438 448
438 453
438 484
438 492
439 445
439 464
439 467
439 469
439 475
439 495
440 441
440 463
440 486
440 489
441 442
441 444
441 445
441 459
441 471
441 475
441 495
442 445
442 459
442 464
442 467
442 468
442 471
442 486
442 490
442 491
443 456
443 467
443 471
443 480
443 490
443 494
443 498
444 453
444 481
444 483
444 489
445 452
445 458
445 469
445 476
445 481
446 452
446 464
446 467
446 470
446 477
446 480
446 484
446 485
446 492
446 494
447 457
447 460
447 467
447 471
447 472
447 497
448 458
448 481
448 489
448 490
449 452
449 454
449 455
449 459
449 465
449 466
449 479
449 487
449 492
449 497
450 452
450 457
450 462
450 484
451 469
451 482
451 484
452 459
452 463
452 466
452 480
452 494
453 455
453 458
453 459
453 468
453 485
454 461
454 463
454 470
454 480
454 483
454 493
454 495
455 473
455 491
455 498
456 459
456 477
457 477
457 484
458 459
458 464
458 471
458 481
458 494
458 495
458 497
459 463
459 471
459 475
459 477
459 484
459 492
460 466
460 472
460 481
460 494
461 468
461 475
461 480
461 491
462 464
462 471
462 484
462 493
464 475
464 492
464 499
465 474
465 482
465 484
465 494
466 469
466 477
466 480
466 481
466 485
467 493
467 494
467 496
468 482
468 491
468 492
469 475
469 476
469 477
470 478
470 480
470 485
470 493
471 480
471 486
471 488
472 485
473 477
473 479
473 483
473 493
474 478
474 481
475 482
475 493
476 477
476 490
477 480
477 486
479 485
479 490
479 491
480 488
480 496
483 485
483 493
483 495
483 496
484 490
484 498
485 499
487 492
488 491
488 493
492 497
497 499
