0 1
0 6
0 20
0 25
0 36
0 54
0 60
0 66
0 68
1 6
1 70
2 20
2 42
2 50
2 51
2 52
2 54
2 55
2 71
2 73
3 20
3 22
3 38
4 15
4 31
4 34
4 46
4 56
4 60
4 68
4 74
5 11
5 13
5 23
5 29
5 38
5 60
5 65
5 74
6 7
6 16
6 20
6 29
6 31
6 32
6 51
6 63
6 72
7 14
7 15
7 24
7 34
7 48
7 66
7 67
7 69
7 72
8 12
8 16
8 27
8 36
8 39
8 41
8 52
8 58
8 59
8 74
9 15
9 29
9 38
9 52
9 54
9 55
9 58
9 65
9 71
10 18
10 26
10 30
10 33
10 58
10 61
10 65
10 69
11 12
11 14
11 17
11 18
11 19
11 34
11 54
11 56
12 24
12 35
12 44
12 50
12 59
12 66
12 69
12 70
13 15
13 20
13 24
13 52
13 59
13 62
13 71
14 26
14 45
14 57
14 68
15 33
15 39
15 41
15 61
16 41
16 48
16 67
16 71
16 73
17 18
17 25
17 32
17 39
17 44
17 45
17 53
17 59
17 64
17 66
17 74
18 19
18 27
18 31
18 32
18 36
18 44
18 48
19 29
19 33
19 35
19 61
19 65
20 31
20 33
20 52
20 53
20 58
20 67
20 73
21 24
21 27
21 30
21 43
21 47
21 53
21 66
21 67
22 26
22 32
22 36
22 47
22 68
22 69
23 30
23 45
23 51
23 53
23 65
23 71
24 26
24 39
24 45
24 48
24 71
24 72
24 74
25 39
25 51
25 61
26 34
26 47
26 58
26 72
27 33
28 34
28 40
28 59
28 67
29 63
30 40
30 41
30 48
30 52
30 55
31 39
31 60
31 63
31 68
32 33
33 36
33 43
33 53
33 63
33 65
33 67
34 39
34 49
34 54
34 62
34 71
35 44
35 54
35 69
36 42
36 64
36 74
37 45
37 69
38 47
38 55
38 56
38 59
38 65
39 46
39 52
39 57
39 58
39 60
39 67
40 43
40 44
40 73
41 51
41 58
41 63
41 71
42 56
43 67
43 74
44 48
44 56
44 66
44 68
44 69
44 71
44 73
45 49
45 59
45 60
46 69
46 71
47 62
47 65
47 69
48 52
48 56
49 50
49 53
49 58
49 59
49 73
50 57
51 62
51 73
54 60
54 62
54 69
54 72
54 74
55 71
56 64
56 71
58 63
58 65
58 66
59 60
59 65
59 66
59 68
61 63
62 63
62 65
63 65
67 70
72 74
