0 1
0 5
0 29
0 37
0 39
0 51
0 66
0 71
0 93
0 97
0 117
0 118
0 124
0 156
0 162
0 182
0 194
0 236
0 247
0 255
0 273
0 275
0 282
0 288
1 3
1 9
1 14
1 16
1 25
1 39
1 41
1 47
1 75
1 80
1 81
1 109
1 116
1 117
1 125
1 131
1 132
1 144
1 152
1 159
1 161
1 163
1 165
1 191
1 192
1 201
1 206
1 219
1 222
1 231
1 264
1 283
1 286
1 290
1 293
2 5
2 27
2 41
2 50
2 60
2 85
2 96
2 97
2 110
2 116
2 117
2 125
2 141
2 143
2 161
2 168
2 176
2 208
2 209
2 211
2 239
2 243
2 268
2 290
2 296
2 299
3 14
3 19
3 40
3 46
3 57
3 58
3 71
3 85
3 89
3 100
3 104
3 109
3 110
3 119
3 120
3 121
3 137
3 141
3 160
3 168
3 169
3 171
3 182
3 185
3 192
3 209
3 240
3 244
3 253
3 280
3 283
3 299
4 13
4 14
4 22
4 31
4 37
4 42
4 45
4 54
4 72
4 81
4 90
4 93
4 97
4 106
4 137
4 140
4 195
4 230
4 239
4 242
4 246
4 252
4 260
4 261
4 264
4 266
4 272
4 279
4 282
4 285
5 8
5 39
5 55
5 58
5 61
5 76
5 84
5 88
5 123
5 124
5 136
5 141
5 144
5 149
5 154
5 162
5 171
5 173
5 176
5 181
5 187
5 198
5 215
5 231
5 232
5 236
5 247
5 248
5 255
5 265
5 268
5 272
5 274
5 279
5 283
5 291
5 298
6 9
6 18
6 21
6 28
6 35
6 39
6 44
6 51
6 56
6 60
6 89
6 91
6 99
6 103
6 106
6 107
6 110
6 133
6 174
6 177
6 189
6 223
6 235
6 252
6 268
6 272
6 275
6 278
6 281
6 290
7 9
7 16
7 32
7 35
7 38
7 40
7 50
7 54
7 67
7 71
7 105
7 107
7 122
7 127
7 138
7 153
7 155
7 157
7 161
7 165
7 168
7 169
7 177
7 179
7 209
7 211
7 216
7 218
7 227
7 229
7 234
7 257
7 272
7 280
7 283
7 287
8 10
8 12
8 16
8 26
8 50
8 54
8 57
8 58
8 79
8 85
8 86
8 110
8 114
8 117
8 124
8 129
8 135
8 141
8 142
8 147
8 151
8 154
8 158
8 169
8 191
8 192
8 200
8 202
8 204
8 227
8 233
8 236
8 253
8 258
8 261
8 264
8 276
8 283
8 293
8 297
9 44
9 46
9 48
9 53
9 59
9 88
9 105
9 121
9 133
9 146
9 149
9 153
9 154
9 162
9 167
9 180
9 182
9 183
9 188
9 189
9 202
9 218
9 221
9 234
9 246
9 272
9 274
9 292
10 11
10 13
10 23
10 25
10 30
10 37
10 42
10 61
10 75
10 77
10 80
10 103
10 109
10 110
10 113
10 115
10 133
10 147
10 148
10 183
10 197
10 207
10 214
10 217
10 229
10 237
10 251
10 280
11 21
11 22
11 23
11 44
11 52
11 68
11 95
11 142
11 170
11 182
11 208
11 209
11 223
11 236
11 243
11 247
11 248
11 257
11 273
11 282
11 289
12 20
12 31
12 42
12 49
12 61
12 83
12 92
12 148
12 154
12 171
12 201
12 210
12 258
12 259
12 260
12 268
12 269
12 274
12 276
12 281
13 16
13 17
13 19
13 26
13 27
13 30
13 45
13 48
13 74
13 83
13 86
13 96
13 98
13 105
13 108
13 111
13 117
13 123
13 124
13 139
13 154
13 155
13 176
13 198
13 205
13 207
13 221
13 227
13 228
13 231
13 232
13 233
13 236
13 248
13 249
13 258
13 277
14 16
14 60
14 67
14 68
14 79
14 90
14 94
14 101
14 107
14 108
14 110
14 111
14 124
14 127
14 133
14 140
14 157
14 162
14 166
14 175
14 189
14 190
14 199
14 209
14 232
14 262
14 263
14 266
14 276
15 21
15 39
15 50
15 56
15 64
15 68
15 77
15 105
15 123
15 139
15 150
15 158
15 174
15 178
15 186
15 188
15 195
15 197
15 209
15 216
15 220
15 222
15 246
15 252
15 256
15 265
15 266
15 273
15 276
15 290
15 295
15 297
16 27
16 43
16 48
16 53
16 63
16 65
16 69
16 78
16 79
16 86
16 104
16 110
16 116
16 131
16 133
16 139
16 159
16 162
16 178
16 183
16 195
16 247
16 268
16 280
16 285
16 289
16 296
17 23
17 26
17 32
17 34
17 39
17 52
17 56
17 78
17 88
17 100
17 101
17 105
17 109
17 121
17 124
17 137
17 150
17 156
17 165
17 178
17 191
17 193
17 195
17 203
17 209
17 216
17 240
17 262
17 280
17 282
18 25
18 39
18 49
18 54
18 56
18 66
18 76
18 84
18 88
18 93
18 116
18 146
18 160
18 164
18 188
18 193
18 198
18 201
18 206
18 219
18 230
18 231
18 233
18 248
18 252
18 256
18 259
18 264
18 274
18 286
18 295
19 26
19 43
19 48
19 57
19 62
19 65
19 71
19 93
19 103
19 108
19 116
19 118
19 123
19 138
19 147
19 162
19 164
19 165
19 172
19 173
19 174
19 185
19 217
19 229
19 235
19 243
19 252
19 267
19 268
19 273
19 277
19 284
20 25
20 31
20 32
20 34
20 48
20 65
20 73
20 95
20 105
20 106
20 119
20 140
20 144
20 163
20 166
20 180
20 231
20 238
20 262
20 267
20 289
21 36
21 58
21 63
21 76
21 77
21 91
21 99
21 113
21 118
21 140
21 150
21 157
21 158
21 161
21 166
21 189
21 195
21 231
21 243
21 244
21 245
21 254
21 272
21 281
21 282
21 291
22 28
22 30
22 45
22 49
22 61
22 66
22 79
22 108
22 140
22 149
22 164
22 173
22 180
22 185
22 193
22 195
22 199
22 211
22 246
22 271
22 291
22 294
23 27
23 29
23 33
23 41
23 47
23 64
23 71
23 91
23 97
23 98
23 101
23 110
23 111
23 120
23 126
23 134
23 141
23 152
23 204
23 207
23 208
23 221
23 237
23 238
23 251
23 257
23 258
23 260
23 275
23 280
23 287
24 28
24 32
24 46
24 51
24 66
24 101
24 106
24 121
24 146
24 147
24 152
24 163
24 170
24 171
24 172
24 173
24 177
24 183
24 184
24 185
24 188
24 207
24 238
24 242
24 257
24 270
25 58
25 80
25 83
25 84
25 85
25 96
25 109
25 110
25 117
25 124
25 125
25 132
25 142
25 167
25 171
25 175
25 186
25 189
25 191
25 194
25 195
25 209
25 218
25 221
25 226
25 239
25 241
25 243
25 253
25 257
25 258
25 259
25 260
25 267
25 275
25 289
25 290
25 298
26 37
26 42
26 43
26 48
26 55
26 58
26 65
26 92
26 106
26 115
26 122
26 142
26 149
26 155
26 173
26 180
26 184
26 198
26 204
26 207
26 209
26 210
26 215
26 225
26 226
26 239
26 246
26 269
26 287
26 296
26 299
27 33
27 43
27 44
27 48
27 49
27 66
27 72
27 83
27 100
27 103
27 104
27 118
27 147
27 153
27 160
27 162
27 178
27 184
27 219
27 229
27 233
27 237
27 249
27 252
27 256
27 271
28 33
28 35
28 39
28 42
28 44
28 46
28 47
28 67
28 76
28 83
28 86
28 96
28 98
28 100
28 101
28 110
28 117
28 145
28 155
28 169
28 172
28 174
28 205
28 213
28 218
28 221
28 223
28 227
28 235
28 249
28 253
28 261
28 263
28 279
28 290
29 39
29 55
29 59
29 63
29 76
29 79
29 132
29 137
29 147
29 165
29 167
29 174
29 178
29 230
29 231
29 233
29 243
29 275
29 292
30 34
30 47
30 59
30 63
30 94
30 97
30 100
30 118
30 132
30 146
30 149
30 150
30 160
30 179
30 197
30 212
30 216
30 235
30 237
30 239
30 247
30 250
30 251
30 254
30 265
30 274
30 280
30 288
30 290
31 34
31 38
31 46
31 77
31 98
31 107
31 109
31 110
31 118
31 135
31 140
31 141
31 145
31 154
31 167
31 180
31 188
31 194
31 198
31 201
31 202
31 209
31 231
31 242
31 244
31 249
31 262
31 281
31 290
32 44
32 80
32 83
32 84
32 86
32 93
32 98
32 107
32 124
32 130
32 137
32 183
32 184
32 194
32 197
32 231
32 233
32 239
32 241
32 243
32 252
32 255
32 273
32 280
32 281
32 289
33 44
33 56
33 66
33 70
33 72
33 74
33 79
33 103
33 126
33 127
33 144
33 156
33 159
33 178
33 196
33 204
33 205
33 223
33 228
33 258
33 271
33 277
33 283
33 290
34 36
34 42
34 52
34 64
34 83
34 98
34 99
34 120
34 147
34 155
34 178
34 191
34 192
34 204
34 211
34 212
34 217
34 228
34 246
34 259
34 266
34 275
34 282
34 295
35 37
35 41
35 46
35 55
35 56
35 61
35 63
35 69
35 87
35 98
35 103
35 106
35 108
35 131
35 170
35 190
35 214
35 217
35 237
35 240
35 268
35 277
35 282
35 283
35 297
36 39
36 49
36 71
36 84
36 93
36 100
36 110
36 119
36 148
36 179
36 199
36 212
36 215
36 218
36 220
36 234
36 240
36 242
36 251
36 252
36 274
36 282
36 293
37 38
37 45
37 53
37 56
37 62
37 64
37 110
37 124
37 126
37 149
37 166
37 177
37 195
37 206
37 214
37 218
37 226
37 227
37 247
37 264
37 282
38 43
38 55
38 59
38 60
38 92
38 102
38 117
38 152
38 166
38 171
38 180
38 181
38 199
38 215
38 217
38 243
38 247
38 256
38 258
38 281
39 68
39 87
39 96
39 109
39 116
39 119
39 124
39 150
39 152
39 159
39 163
39 207
39 219
39 237
39 243
39 244
39 262
39 270
39 272
39 279
39 287
39 296
40 42
40 47
40 66
40 71
40 79
40 83
40 94
40 100
40 108
40 122
40 124
40 125
40 157
40 161
40 166
40 173
40 176
40 182
40 204
40 205
40 224
40 226
40 232
40 247
40 259
40 274
40 289
41 55
41 68
41 76
41 116
41 126
41 133
41 143
41 156
41 161
41 180
41 185
41 194
41 199
41 207
41 219
41 221
41 236
41 239
41 243
41 250
41 267
41 270
41 275
41 278
42 53
42 57
42 62
42 63
42 78
42 92
42 106
42 121
42 134
42 138
42 144
42 148
42 169
42 186
42 202
42 206
42 219
42 248
42 249
42 257
42 264
42 270
42 294
42 297
43 45
43 56
43 59
43 61
43 71
43 73
43 76
43 90
43 100
43 131
43 139
43 151
43 175
43 178
43 186
43 205
43 221
43 225
43 258
43 266
43 290
43 298
43 299
44 45
44 58
44 59
44 71
44 85
44 91
44 99
44 121
44 126
44 129
44 146
44 154
44 175
44 181
44 184
44 189
44 192
44 197
44 208
44 213
44 215
44 234
44 248
44 277
44 288
45 47
45 77
45 104
45 105
45 112
45 128
45 149
45 162
45 170
45 172
45 182
45 183
45 186
45 207
45 216
45 231
45 241
45 249
45 275
45 292
46 51
46 53
46 59
46 69
46 78
46 79
46 83
46 85
46 97
46 99
46 110
46 111
46 114
46 130
46 135
46 157
46 163
46 164
46 165
46 169
46 185
46 193
46 208
46 214
46 223
46 224
46 247
46 265
46 272
46 275
46 285
46 294
47 65
47 74
47 76
47 84
47 112
47 130
47 138
47 156
47 171
47 174
47 215
47 221
47 229
47 241
47 251
47 263
47 270
47 284
47 285
47 297
48 84
48 99
48 101
48 113
48 126
48 127
48 136
48 141
48 144
48 167
48 172
48 188
48 200
48 207
48 210
48 219
48 230
48 237
48 257
48 273
48 299
49 54
49 73
49 80
49 91
49 92
49 94
49 103
49 106
49 110
49 116
49 127
49 141
49 151
49 158
49 160
49 161
49 167
49 171
49 174
49 197
49 202
49 223
49 225
49 258
49 271
49 275
49 295
49 299
50 52
50 71
50 77
50 78
50 94
50 98
50 101
50 105
50 115
50 121
50 139
50 148
50 156
50 178
50 218
50 228
50 234
50 239
50 270
50 272
50 298
50 299
51 80
51 90
51 95
51 102
51 112
51 113
51 128
51 134
51 170
51 177
51 189
51 195
51 196
51 207
51 215
51 240
51 249
51 255
51 269
51 270
51 274
52 67
52 74
52 76
52 80
52 85
52 89
52 102
52 119
52 125
52 135
52 155
52 162
52 182
52 188
52 189
52 201
52 217
52 226
52 235
52 244
52 245
52 267
52 272
52 297
53 61
53 62
53 68
53 81
53 99
53 102
53 104
53 117
53 120
53 133
53 145
53 149
53 150
53 162
53 167
53 182
53 184
53 192
53 196
53 198
53 204
53 211
53 226
53 233
53 251
53 253
53 260
53 268
53 271
53 281
53 286
53 292
53 293
54 58
54 72
54 98
54 104
54 107
54 120
54 130
54 170
54 185
54 188
54 193
54 201
54 209
54 212
54 231
54 255
54 259
54 263
54 265
54 295
54 296
55 58
55 66
55 72
55 82
55 86
55 97
55 102
55 110
55 111
55 112
55 132
55 133
55 146
55 152
55 156
55 159
55 167
55 182
55 189
55 190
55 192
55 197
55 204
55 205
55 215
55 221
55 227
55 230
55 232
55 233
55 238
55 240
55 242
55 258
55 266
55 273
55 286
55 289
56 67
56 90
56 93
56 95
56 110
56 111
56 122
56 135
56 139
56 143
56 147
56 152
56 156
56 164
56 173
56 175
56 178
56 179
56 188
56 201
56 207
56 227
56 228
56 244
56 245
56 246
56 278
56 280
56 294
57 63
57 76
57 85
57 87
57 93
57 107
57 121
57 135
57 142
57 158
57 162
57 166
57 171
57 178
57 199
57 220
57 225
57 264
58 60
58 61
58 64
58 65
58 71
58 91
58 97
58 104
58 111
58 142
58 158
58 166
58 169
58 170
58 174
58 178
58 180
58 186
58 189
58 199
58 201
58 246
58 259
58 260
58 266
58 280
59 63
59 102
59 104
59 111
59 131
59 145
59 160
59 174
59 185
59 197
59 225
59 244
59 255
59 258
59 268
59 269
60 62
60 66
60 68
60 75
60 92
60 114
60 121
60 125
60 126
60 143
60 145
60 147
60 152
60 153
60 156
60 158
60 161
60 172
60 173
60 184
60 196
60 217
60 232
60 245
60 251
60 257
60 259
60 283
60 290
61 66
61 72
61 78
61 92
61 114
61 131
61 138
61 154
61 156
61 159
61 178
61 208
61 220
61 233
61 234
61 270
61 280
61 284
61 292
61 294
62 74
62 81
62 101
62 104
62 119
62 123
62 126
62 144
62 162
62 163
62 170
62 179
62 188
62 205
62 208
62 221
62 228
62 251
62 256
62 263
62 287
62 289
62 297
63 78
63 84
63 97
63 102
63 115
63 122
63 160
63 181
63 184
63 191
63 227
63 251
63 252
63 254
63 268
63 277
63 278
63 283
63 286
63 288
64 75
64 83
64 108
64 113
64 118
64 125
64 157
64 174
64 203
64 209
64 220
64 224
64 225
64 240
64 241
64 242
64 250
64 258
64 263
64 267
64 280
64 286
64 290
64 292
65 70
65 78
65 115
65 119
65 150
65 153
65 203
65 228
65 239
65 255
65 261
65 268
65 274
65 275
65 290
65 292
66 100
66 107
66 114
66 118
66 124
66 140
66 141
66 143
66 175
66 205
66 210
66 214
66 221
66 231
66 240
66 244
66 248
66 251
66 265
66 282
66 295
67 68
67 90
67 95
67 101
67 116
67 129
67 141
67 161
67 162
67 168
67 173
67 175
67 183
67 185
67 189
67 190
67 229
67 275
67 280
67 293
67 296
68 92
68 95
68 107
68 108
68 133
68 150
68 161
68 210
68 211
68 212
68 213
68 223
68 263
68 264
68 278
68 280
68 288
69 80
69 81
69 93
69 94
69 95
69 100
69 102
69 110
69 112
69 125
69 133
69 138
69 152
69 170
69 179
69 196
69 198
69 207
69 211
69 218
69 255
69 278
69 283
69 284
69 294
69 297
70 85
70 89
70 95
70 97
70 103
70 106
70 108
70 114
70 115
70 125
70 145
70 179
70 197
70 200
70 204
70 209
70 215
70 224
70 230
70 232
70 283
70 286
71 73
71 108
71 114
71 118
71 119
71 121
71 138
71 144
71 155
71 158
71 161
71 166
71 181
71 191
71 228
71 237
71 246
71 258
71 268
71 270
71 284
71 294
72 74
72 87
72 125
72 131
72 141
72 142
72 172
72 173
72 177
72 181
72 200
72 211
72 282
72 284
72 289
73 80
73 96
73 110
73 114
73 129
73 146
73 162
73 163
73 171
73 185
73 196
73 197
73 198
73 220
73 222
73 225
73 247
73 254
73 281
73 286
73 289
73 291
73 296
74 77
74 79
74 82
74 92
74 99
74 104
74 121
74 134
74 141
74 142
74 158
74 170
74 184
74 198
74 202
74 229
74 235
74 257
74 258
74 266
74 283
74 284
75 95
75 106
75 111
75 112
75 127
75 130
75 135
75 137
75 148
75 150
75 189
75 208
75 218
75 225
75 237
75 246
75 248
75 258
75 278
75 289
75 298
76 78
76 79
76 92
76 94
76 97
76 125
76 129
76 130
76 142
76 161
76 167
76 183
76 186
76 194
76 196
76 227
76 229
76 239
76 248
76 250
76 260
76 276
76 299
77 79
77 85
77 87
77 97
77 101
77 112
77 114
77 128
77 134
77 143
77 157
77 168
77 186
77 192
77 198
77 204
77 214
77 215
77 241
77 257
77 262
77 273
77 279
77 291
77 299
78 89
78 90
78 99
78 112
78 114
78 124
78 134
78 140
78 142
78 151
78 165
78 175
78 198
78 203
78 222
78 223
78 230
78 231
78 233
78 237
78 243
78 246
78 248
78 256
78 263
78 275
78 278
79 87
79 89
79 97
79 99
79 100
79 101
79 113
79 114
79 118
79 122
79 125
79 147
79 151
79 153
79 163
79 168
79 173
79 178
79 195
79 214
79 225
79 229
79 232
79 262
79 267
79 274
79 276
80 87
80 96
80 102
80 106
80 117
80 123
80 131
80 133
80 138
80 144
80 153
80 164
80 173
80 185
80 188
80 191
80 197
80 205
80 210
80 220
80 221
81 94
81 110
81 112
81 143
81 144
81 157
81 160
81 165
81 182
81 187
81 189
81 191
81 199
81 212
81 215
81 220
81 223
81 225
81 229
81 232
81 256
81 269
81 270
81 274
81 286
82 89
82 92
82 104
82 109
82 134
82 144
82 176
82 182
82 187
82 189
82 219
82 221
82 231
82 233
82 239
82 243
82 245
82 267
82 272
83 85
83 87
83 93
83 96
83 101
83 110
83 120
83 127
83 141
83 146
83 151
83 152
83 154
83 156
83 171
83 182
83 189
83 192
83 201
83 209
83 210
83 228
83 230
83 244
83 261
83 270
83 272
83 281
83 298
84 105
84 109
84 141
84 152
84 153
84 156
84 195
84 201
84 202
84 207
84 209
84 210
84 219
84 221
84 225
84 230
84 233
84 242
84 250
84 260
84 270
84 293
85 112
85 130
85 134
85 135
85 137
85 139
85 155
85 159
85 170
85 172
85 184
85 186
85 199
85 224
85 227
85 233
85 241
85 244
85 249
85 269
85 280
85 292
85 294
85 299
86 88
86 89
86 106
86 115
86 118
86 139
86 147
86 153
86 155
86 162
86 163
86 168
86 179
86 184
86 186
86 221
86 224
86 225
86 233
86 240
86 245
86 246
86 251
86 257
86 270
86 275
86 279
87 98
87 100
87 101
87 105
87 111
87 120
87 137
87 150
87 152
87 158
87 163
87 168
87 206
87 208
87 222
87 223
87 225
87 231
87 236
87 241
87 244
87 254
87 260
87 275
87 283
87 286
87 292
88 89
88 116
88 131
88 135
88 141
88 147
88 148
88 174
88 191
88 196
88 200
88 202
88 210
88 211
88 220
88 225
88 230
88 244
88 261
88 267
88 270
88 283
88 290
88 295
89 102
89 104
89 107
89 109
89 126
89 127
89 133
89 138
89 191
89 206
89 208
89 215
89 218
89 231
89 233
89 235
89 242
89 246
89 259
89 265
89 284
89 293
90 93
90 98
90 111
90 119
90 128
90 129
90 132
90 142
90 145
90 154
90 156
90 174
90 181
90 200
90 214
90 218
90 231
90 242
90 273
90 290
91 92
91 113
91 138
91 141
91 145
91 153
91 154
91 184
91 188
91 192
91 197
91 221
91 244
91 245
91 284
92 103
92 112
92 118
92 124
92 129
92 132
92 134
92 146
92 156
92 158
92 166
92 172
92 176
92 189
92 192
92 193
92 197
92 211
92 221
92 222
92 224
92 228
92 231
92 248
92 256
92 276
92 285
93 99
93 101
93 137
93 145
93 169
93 174
93 190
93 198
93 202
93 209
93 241
93 254
93 257
93 258
93 264
93 266
93 286
93 289
93 296
94 97
94 106
94 122
94 128
94 135
94 137
94 153
94 157
94 167
94 192
94 209
94 232
94 238
94 243
94 254
94 260
94 269
94 271
94 275
94 283
94 289
95 100
95 123
95 133
95 169
95 191
95 197
95 225
95 239
95 251
95 265
95 287
95 290
96 113
96 123
96 126
96 128
96 146
96 150
96 164
96 175
96 200
96 202
96 205
96 266
96 271
96 275
96 277
97 107
97 120
97 132
97 140
97 146
97 152
97 166
97 187
97 211
97 217
97 227
97 229
97 242
97 244
97 248
97 255
97 263
97 268
97 273
97 278
97 282
97 286
97 291
97 297
98 100
98 108
98 109
98 112
98 115
98 125
98 137
98 142
98 145
98 148
98 156
98 165
98 177
98 190
98 201
98 207
98 232
98 236
98 241
98 247
98 250
98 253
98 262
98 263
98 269
98 270
98 273
98 281
98 282
98 298
99 103
99 112
99 119
99 132
99 138
99 166
99 170
99 200
99 203
99 209
99 213
99 221
99 235
99 255
99 259
99 260
99 266
99 269
99 288
99 289
100 127
100 140
100 142
100 160
100 170
100 193
100 194
100 195
100 205
100 207
100 211
100 212
100 213
100 238
100 244
100 246
100 248
100 275
100 276
100 278
100 280
100 296
101 108
101 117
101 127
101 133
101 143
101 147
101 158
101 165
101 169
101 175
101 192
101 193
101 209
101 218
101 222
101 224
101 229
101 236
101 248
101 264
101 267
101 278
101 279
101 287
101 291
101 292
101 294
101 296
102 119
102 140
102 143
102 144
102 146
102 149
102 167
102 175
102 197
102 208
102 230
102 242
102 250
102 251
102 253
102 261
102 280
102 281
102 285
102 294
102 298
103 122
103 138
103 143
103 151
103 153
103 168
103 180
103 194
103 197
103 198
103 199
103 203
103 212
103 213
103 221
103 229
103 234
103 271
103 283
103 287
103 295
104 111
104 114
104 115
104 126
104 139
104 146
104 169
104 171
104 176
104 181
104 213
104 215
104 218
104 225
104 231
104 233
104 234
104 241
104 264
104 298
105 106
105 108
105 125
105 127
105 167
105 180
105 187
105 193
105 208
105 223
105 226
105 236
105 248
105 254
105 265
105 274
105 279
105 282
105 283
105 284
105 288
105 292
106 128
106 130
106 139
106 143
106 166
106 169
106 171
106 172
106 177
106 181
106 191
106 194
106 197
106 264
106 284
107 109
107 118
107 123
107 130
107 134
107 135
107 148
107 159
107 179
107 187
107 205
107 236
107 247
107 249
107 251
107 262
107 263
107 265
107 268
107 269
107 280
107 282
108 112
108 120
108 128
108 140
108 156
108 157
108 162
108 170
108 171
108 181
108 188
108 210
108 265
108 274
108 293
108 294
109 111
109 116
109 150
109 156
109 159
109 161
109 195
109 201
109 226
109 237
109 254
109 255
109 260
109 266
109 271
109 275
109 287
109 293
110 112
110 118
110 154
110 184
110 196
110 208
110 230
110 243
110 247
110 257
110 267
110 281
111 127
111 139
111 144
111 155
111 158
111 167
111 168
111 173
111 180
111 196
111 217
111 231
111 232
111 238
111 249
111 272
111 276
111 292
112 118
112 124
112 127
112 133
112 138
112 147
112 152
112 158
112 181
112 196
112 217
112 230
112 231
112 241
112 248
112 262
112 264
112 275
112 277
112 285
112 286
112 294
113 120
113 127
113 134
113 143
113 145
113 155
113 167
113 169
113 188
113 199
113 216
113 235
113 264
113 267
113 269
113 281
114 117
114 127
114 155
114 161
114 172
114 194
114 195
114 200
114 222
114 232
114 236
114 258
114 263
114 265
114 269
114 289
114 299
115 132
115 138
115 161
115 168
115 173
115 201
115 225
115 228
115 230
115 250
115 251
115 252
115 253
115 258
115 267
115 275
115 277
115 282
115 283
115 298
116 132
116 146
116 157
116 171
116 177
116 178
116 179
116 182
116 194
116 232
116 269
116 282
116 296
117 126
117 128
117 130
117 135
117 150
117 164
117 166
117 167
117 169
117 181
117 182
117 183
117 190
117 191
117 232
117 245
117 246
117 254
117 265
117 276
117 280
117 289
117 292
118 120
118 146
118 168
118 169
118 171
118 173
118 184
118 191
118 193
118 200
118 205
118 207
118 213
118 221
118 227
118 248
118 265
118 277
119 120
119 157
119 158
119 159
119 167
119 168
119 191
119 202
119 204
119 206
119 207
119 214
119 223
119 230
119 235
119 241
119 256
119 286
120 125
120 136
120 138
120 146
120 148
120 157
120 167
120 169
120 172
120 181
120 195
120 201
120 203
120 211
120 215
120 221
120 225
120 230
120 241
120 254
120 255
120 263
120 283
120 288
120 293
121 154
121 160
121 178
121 182
121 185
121 186
121 206
121 215
121 216
121 232
121 235
121 236
121 246
121 255
121 268
121 294
122 127
122 128
122 157
122 158
122 162
122 171
122 200
122 212
122 223
122 226
122 231
122 237
122 240
122 242
122 243
122 249
122 285
123 132
123 140
123 147
123 156
123 171
123 187
123 201
123 207
123 210
123 228
123 237
123 245
123 247
123 261
123 271
123 275
123 283
123 292
123 293
124 127
124 139
124 141
124 144
124 154
124 165
124 174
124 183
124 209
124 228
124 230
124 235
124 250
124 254
124 259
125 126
125 137
125 138
125 152
125 160
125 166
125 167
125 168
125 176
125 180
125 196
125 198
125 203
125 208
125 218
125 229
125 240
125 243
125 251
125 255
125 275
125 294
125 297
126 133
126 145
126 161
126 165
126 167
126 170
126 181
126 199
126 209
126 215
126 232
126 247
126 250
126 259
126 263
126 270
126 272
126 281
126 296
126 297
126 298
126 299
127 134
127 135
127 161
127 187
127 190
127 200
127 213
127 215
127 216
127 218
127 225
127 242
127 243
127 249
127 261
127 262
127 278
127 285
128 134
128 142
128 144
128 174
128 175
128 176
128 185
128 190
128 196
128 205
128 215
128 222
128 250
128 257
128 264
128 266
128 268
129 134
129 148
129 159
129 163
129 167
129 174
129 175
129 183
129 194
129 203
129 207
129 209
129 217
129 219
129 233
129 239
129 240
129 257
129 265
129 266
129 269
129 281
129 287
130 134
130 166
130 177
130 196
130 227
130 236
130 260
130 261
130 294
130 297
131 133
131 149
131 160
131 165
131 167
131 182
131 212
131 222
131 229
131 233
131 245
131 250
131 252
131 285
131 294
132 138
132 148
132 183
132 187
132 212
132 218
132 236
132 245
132 246
132 252
132 277
132 284
132 297
133 135
133 169
133 171
133 179
133 188
133 194
133 197
133 200
133 202
133 217
133 225
133 235
133 236
133 238
133 244
133 252
133 254
133 259
133 277
133 278
133 279
133 281
133 290
133 292
133 295
134 157
134 159
134 168
134 190
134 192
134 195
134 243
134 247
134 257
134 261
134 293
135 138
135 143
135 152
135 171
135 186
135 205
135 210
135 212
135 214
135 221
135 251
135 252
135 261
135 263
135 284
136 142
136 147
136 158
136 160
136 189
136 200
136 207
136 212
136 222
136 230
136 233
136 238
136 265
136 273
136 274
136 287
137 142
137 186
137 187
137 188
137 211
137 216
137 222
137 244
137 259
137 262
137 266
137 278
137 279
137 286
138 144
138 146
138 151
138 162
138 164
138 180
138 191
138 194
138 201
138 208
138 219
138 222
138 223
138 236
138 240
138 247
138 256
138 283
139 161
139 172
139 175
139 178
139 181
139 212
139 220
139 230
139 239
139 240
139 241
139 244
139 255
139 261
139 272
139 275
139 283
139 299
140 147
140 148
140 152
140 163
140 171
140 172
140 174
140 182
140 189
140 230
140 242
140 249
140 257
140 259
140 266
140 267
140 274
140 278
140 297
141 143
141 171
141 173
141 183
141 209
141 224
141 226
141 244
141 248
141 264
141 275
141 285
141 286
141 288
141 298
142 165
142 167
142 168
142 190
142 197
142 200
142 208
142 218
142 220
142 245
142 251
142 258
142 292
143 166
143 176
143 209
143 213
143 229
143 234
143 261
143 263
143 275
143 280
143 294
144 154
144 156
144 157
144 204
144 212
144 230
144 244
144 253
144 261
144 268
144 269
144 292
145 146
145 152
145 155
145 158
145 170
145 195
145 204
145 210
145 218
145 219
145 234
145 254
145 259
145 261
145 262
145 267
145 269
145 277
145 282
145 289
145 292
146 154
146 157
146 166
146 181
146 195
146 197
146 202
146 205
146 210
146 216
146 246
146 247
146 266
146 268
146 286
147 149
147 151
147 164
147 179
147 187
147 189
147 202
147 253
147 259
147 260
147 287
147 291
147 292
147 298
148 154
148 156
148 163
148 183
148 190
148 191
148 204
148 226
148 245
148 258
148 276
148 284
148 294
148 296
149 150
149 156
149 166
149 188
149 193
149 198
149 213
149 223
149 224
149 248
149 271
149 275
149 284
149 299
150 162
150 170
150 187
150 211
150 220
150 257
150 265
150 277
150 280
150 288
150 295
151 153
151 155
151 157
151 171
151 182
151 199
151 227
151 237
151 248
151 252
151 260
151 272
151 297
152 159
152 185
152 195
152 198
152 206
152 210
152 228
152 236
152 237
152 249
152 256
152 263
152 264
152 266
152 268
152 280
153 154
153 159
153 164
153 166
153 174
153 183
153 196
153 207
153 212
153 214
153 217
153 226
153 231
153 234
153 236
153 246
153 254
153 264
153 274
153 283
154 155
154 205
154 226
154 231
154 240
154 242
154 257
154 263
154 267
154 289
154 291
154 294
155 167
155 180
155 188
155 205
155 218
155 224
155 235
155 238
155 246
155 254
155 265
155 276
155 283
156 157
156 169
156 174
156 189
156 197
156 199
156 209
156 211
156 214
156 220
156 228
156 231
156 232
156 233
156 237
156 256
156 267
156 271
156 286
156 296
157 175
157 177
157 181
157 196
157 200
157 203
157 209
157 232
157 234
157 244
157 245
157 246
157 264
157 278
157 288
157 298
158 162
158 163
158 166
158 170
158 200
158 209
158 227
158 229
158 238
159 166
159 169
159 195
159 222
159 242
159 246
159 253
159 274
159 286
159 289
159 290
159 294
160 161
160 162
160 186
160 191
160 193
160 194
160 208
160 209
160 212
160 216
160 233
160 250
160 262
160 284
160 287
160 291
161 169
161 175
161 183
161 192
161 236
161 242
161 284
161 296
162 163
162 183
162 187
162 196
162 271
163 172
163 177
163 180
163 185
163 193
163 197
163 220
163 241
163 244
163 246
163 257
163 263
163 267
163 282
163 284
163 297
164 165
164 174
164 177
164 188
164 190
164 195
164 200
164 206
164 219
164 226
164 227
164 259
164 292
164 295
164 296
165 171
165 172
165 185
165 207
165 216
165 217
165 219
165 227
165 231
165 241
165 270
165 276
165 287
166 168
166 173
166 179
166 184
166 194
166 196
166 204
166 233
166 234
166 237
166 264
166 268
166 289
166 297
167 168
167 184
167 187
167 198
167 206
167 217
167 218
167 253
167 257
167 260
167 294
168 175
168 185
168 187
168 201
168 202
168 204
168 205
168 207
168 216
168 221
168 234
168 250
168 252
168 256
168 275
168 277
169 233
169 234
169 241
169 252
169 262
169 264
169 269
169 277
169 284
169 291
169 295
170 181
170 196
170 208
170 210
170 215
170 216
170 217
170 219
170 222
170 230
170 232
170 254
170 260
170 278
170 282
170 283
170 287
170 294
170 299
171 184
171 192
171 198
171 210
171 216
171 220
171 223
171 230
171 271
171 272
171 286
171 295
172 182
172 186
172 208
172 220
172 223
172 225
172 226
172 248
172 255
172 259
172 263
173 179
173 182
173 205
173 218
173 219
173 257
173 259
173 281
173 283
173 295
174 185
174 193
174 205
174 207
174 208
174 248
174 254
174 255
174 284
174 286
174 287
174 294
174 296
174 297
174 299
175 181
175 187
175 192
175 198
175 204
175 207
175 212
175 220
175 234
175 235
175 256
175 258
175 260
175 266
175 269
175 276
175 291
176 181
176 200
176 206
176 243
176 254
176 261
176 265
176 277
176 283
176 288
177 178
177 187
177 191
177 202
177 208
177 222
177 227
177 248
177 250
177 257
177 267
177 273
177 276
177 285
177 289
177 295
178 181
178 192
178 193
178 200
178 212
178 214
178 235
178 236
178 239
178 243
178 280
178 297
179 187
179 198
179 205
179 207
179 211
179 214
179 222
179 224
179 230
179 239
179 243
179 252
179 256
179 270
179 274
179 275
179 299
180 182
180 208
180 234
180 273
180 286
180 288
180 290
180 291
181 183
181 191
181 194
181 207
181 220
181 224
181 246
181 254
181 256
181 263
181 274
181 299
182 186
182 193
182 196
182 198
182 213
182 216
182 217
182 240
182 248
182 256
182 269
182 282
182 297
183 199
183 200
183 217
183 223
183 231
183 242
183 265
183 292
183 298
184 189
184 191
184 201
184 218
184 227
184 245
184 246
184 254
184 272
184 277
185 187
185 202
185 213
185 218
185 223
185 225
185 236
185 240
185 250
185 253
185 256
185 264
185 283
185 289
185 296
186 196
186 211
186 212
186 221
186 226
186 234
186 237
186 247
186 266
186 275
186 295
187 191
187 193
187 195
187 206
187 215
187 218
187 221
187 235
187 241
187 245
187 260
187 268
187 272
187 293
188 191
188 218
188 236
188 251
188 257
188 261
188 264
188 267
188 269
188 270
188 278
188 294
189 195
189 213
189 222
189 250
189 253
189 259
189 264
189 274
189 281
189 283
189 288
190 195
190 198
190 216
190 220
190 228
190 250
190 273
190 277
190 286
190 290
190 294
191 203
191 204
191 216
191 217
191 230
191 256
191 259
191 265
191 289
191 296
192 207
192 212
192 220
192 230
192 231
192 249
192 270
192 272
192 274
192 279
192 293
193 195
193 204
193 205
193 227
193 231
193 242
193 249
193 275
194 200
194 201
194 205
194 209
194 217
194 225
194 231
194 234
194 237
194 238
194 248
194 250
194 287
194 289
195 208
195 214
195 216
195 223
195 228
195 232
195 243
195 244
195 247
195 251
195 256
195 266
195 267
195 274
195 280
195 282
195 288
195 289
195 298
196 201
196 212
196 225
196 292
196 294
197 201
197 208
197 221
197 239
197 241
197 250
197 254
197 259
197 262
197 286
197 295
197 299
198 206
198 207
198 215
198 227
198 250
198 262
198 290
198 299
199 229
199 232
199 233
199 237
199 238
199 241
199 242
199 263
199 278
200 201
200 202
200 211
200 212
200 237
200 242
200 259
200 266
200 268
200 275
200 284
200 293
200 297
201 205
201 229
201 244
201 261
201 286
201 288
201 291
201 292
202 208
202 210
202 222
202 224
202 232
202 235
202 241
202 245
202 257
202 271
202 284
202 286
202 291
203 206
203 213
203 224
203 228
203 241
203 246
203 253
203 260
203 272
203 274
203 296
204 205
204 244
204 246
204 259
204 261
204 262
204 275
204 288
204 294
204 297
205 213
205 214
205 243
205 244
205 251
205 255
205 265
205 285
205 286
206 207
206 216
206 229
206 232
206 237
206 246
206 260
206 264
207 211
207 224
207 226
207 233
207 236
207 243
207 253
207 256
207 273
207 276
207 287
207 289
207 291
208 213
208 214
208 231
208 233
208 235
208 237
208 238
208 246
208 248
208 265
208 267
208 268
208 291
209 218
209 247
209 249
209 263
209 273
209 280
209 285
210 233
210 251
211 220
211 221
211 228
211 255
211 259
211 290
212 291
212 298
213 228
213 237
213 245
213 247
213 255
213 256
213 257
213 261
214 243
214 248
214 259
214 261
214 262
214 279
214 280
214 289
214 298
215 217
215 227
215 243
215 254
215 258
215 263
215 277
215 278
215 296
216 220
216 224
216 228
216 237
216 261
216 265
216 266
216 267
216 269
216 276
216 279
216 282
217 219
217 225
217 235
217 250
217 252
217 262
217 263
217 271
217 291
218 219
218 222
218 229
218 233
218 235
218 244
218 251
218 253
218 260
218 294
219 224
219 226
219 233
219 240
219 252
219 253
219 266
219 276
219 277
219 291
219 294
220 247
220 255
220 259
220 260
220 277
220 279
220 289
220 293
221 222
221 229
221 239
221 245
221 264
221 265
221 281
221 285
221 290
222 227
222 229
222 237
222 248
222 250
222 254
222 260
222 288
223 224
223 250
223 274
223 277
224 235
224 238
224 239
224 267
224 275
224 276
225 226
225 227
225 228
225 250
225 270
225 287
225 293
225 297
226 235
226 260
226 261
226 263
226 270
226 291
227 233
227 234
227 261
227 269
227 286
227 287
227 291
227 296
227 297
228 243
228 248
228 256
228 270
228 271
228 282
228 295
229 246
229 267
229 271
229 283
229 294
230 232
230 238
230 241
230 245
230 261
230 264
230 274
230 278
230 290
230 293
230 294
230 296
231 248
231 271
231 290
232 239
232 244
232 249
232 252
232 259
232 267
232 274
232 295
232 296
233 234
233 245
233 256
233 267
233 293
234 237
234 244
234 250
234 254
234 255
234 276
234 283
234 296
235 259
236 237
236 243
236 253
236 260
236 264
236 297
237 241
237 254
237 266
237 280
237 283
237 284
237 289
237 290
238 250
238 263
238 264
238 285
238 295
239 276
239 278
239 288
239 294
239 299
240 249
240 251
240 273
240 279
240 282
241 253
241 257
241 269
241 271
241 275
241 280
241 284
241 291
242 243
242 257
242 283
242 292
242 293
242 298
243 257
243 258
243 289
243 290
243 291
243 294
244 245
244 253
244 291
245 267
245 268
245 281
245 293
246 252
246 265
246 275
246 278
246 282
246 286
246 298
247 248
247 254
247 257
247 261
247 264
247 270
247 276
247 277
247 278
247 281
248 272
248 289
249 270
249 287
249 292
249 295
250 254
250 260
250 264
250 268
250 282
250 291
251 282
251 284
251 294
251 298
252 259
252 260
252 272
252 276
252 290
252 294
253 272
253 274
253 283
253 295
254 260
254 265
254 266
254 280
254 282
254 292
254 299
255 273
255 289
256 257
256 259
256 268
256 292
257 258
257 259
257 264
257 269
257 274
257 280
257 287
258 272
259 275
259 277
259 278
259 281
259 284
259 289
259 293
259 297
260 292
260 298
261 263
261 293
261 294
262 265
262 275
262 279
262 291
263 273
263 274
263 275
263 294
264 270
264 271
264 272
264 274
264 279
264 280
264 287
264 292
265 281
265 288
265 295
265 296
266 288
267 294
267 297
268 282
268 285
269 293
269 297
270 274
270 278
270 295
271 289
271 294
271 296
272 276
272 295
272 297
273 274
273 282
273 283
273 288
273 292
273 294
273 296
273 299
274 275
274 282
274 283
274 285
274 298
275 276
275 282
275 289
275 296
276 284
276 288
276 295
277 281
278 287
279 280
279 282
279 283
279 288
280 292
282 286
282 287
283 293
284 286
286 298
287 296
287 297
288 291
289 297
290 293
292 295
294 297
298 299
