0 26
1 25
1 26
1 32
1 38
1 41
1 48
2 4
2 7
2 15
2 44
3 12
3 17
3 29
4 11
4 16
4 17
4 28
4 29
4 33
4 34
4 49
5 22
5 34
5 35
5 41
5 42
6 8
6 10
6 13
6 20
6 24
6 29
6 33
7 18
7 21
7 33
7 38
8 13
8 27
8 37
8 40
8 44
8 49
9 10
9 16
9 17
9 37
9 42
9 49
10 13
10 26
10 32
10 37
10 40
10 41
10 46
10 49
11 18
11 29
11 34
11 36
11 48
12 16
12 21
12 22
12 26
13 19
13 25
13 33
13 36
13 44
13 46
14 23
14 37
15 21
15 31
15 36
15 38
16 27
16 35
16 36
16 44
17 23
17 27
17 28
18 19
18 44
19 38
19 45
20 22
20 31
20 38
20 39
20 46
20 48
21 23
21 40
22 32
22 38
22 48
23 46
24 27
26 38
27 31
27 46
28 29
28 41
28 45
28 49
29 31
29 33
29 43
30 32
30 35
30 41
31 33
31 34
31 35
32 42
33 34
33 41
34 35
34 45
35 41
35 43
36 41
36 49
37 45
37 48
39 46
42 48
44 45
