0 7
0 10
0 20
0 21
0 42
0 44
0 53
0 71
0 77
0 79
0 89
0 90
0 102
0 108
0 113
0 117
0 130
0 131
0 138
0 148
1 10
1 22
1 25
1 29
1 31
1 43
1 45
1 46
1 53
1 59
1 81
1 88
1 95
1 96
1 97
1 102
1 104
1 109
1 117
1 139
1 144
2 21
2 23
2 36
2 39
2 69
2 79
2 81
2 88
2 93
2 94
2 97
2 104
2 117
2 120
2 133
2 137
3 42
3 50
3 53
3 80
3 81
3 106
3 113
3 131
3 137
3 144
3 149
4 5
4 8
4 23
4 40
4 41
4 49
4 50
4 55
4 58
4 77
4 106
4 107
4 119
4 122
4 132
5 14
5 18
5 23
5 37
5 41
5 54
5 55
5 56
5 62
5 97
5 101
5 108
5 122
5 123
5 129
5 132
6 7
6 15
6 19
6 36
6 56
6 58
6 66
6 68
6 94
6 99
6 107
6 148
7 21
7 23
7 26
7 45
7 50
7 90
7 118
7 120
7 131
7 133
8 22
8 26
8 28
8 30
8 42
8 62
8 63
8 73
8 96
8 108
8 113
8 125
8 128
8 134
9 10
9 17
9 26
9 31
9 32
9 42
9 57
9 68
9 92
9 94
9 95
9 136
9 145
10 12
10 13
10 23
10 25
10 40
10 42
10 55
10 75
10 87
10 90
10 94
10 100
10 105
10 106
10 111
10 125
10 136
10 143
10 147
11 16
11 20
11 21
11 28
11 31
11 33
11 61
11 86
11 96
11 120
11 123
11 143
11 147
12 14
12 16
12 17
12 20
12 33
12 51
12 62
12 63
12 88
12 101
12 102
12 134
12 136
13 27
13 37
13 42
13 46
13 56
13 62
13 71
13 74
13 83
13 87
13 94
13 101
13 105
13 106
13 109
13 122
13 129
13 140
14 39
14 41
14 48
14 54
14 56
14 76
14 105
14 136
14 142
14 143
15 25
15 27
15 28
15 31
15 52
15 61
15 64
15 77
15 145
15 148
16 41
16 53
16 54
16 57
16 77
16 83
16 93
16 119
16 122
16 136
17 46
17 47
17 48
17 50
17 53
17 57
17 92
17 98
17 106
17 115
17 145
18 29
18 33
18 36
18 45
18 47
18 48
18 65
18 66
18 68
18 71
18 75
18 81
18 95
18 98
18 100
18 103
18 117
18 145
19 20
19 72
19 96
19 100
19 107
19 114
19 146
19 148
20 21
20 30
20 34
20 53
20 55
20 58
20 60
20 81
20 98
20 106
20 130
20 136
20 141
21 25
21 26
21 31
21 38
21 47
21 51
21 59
21 70
21 75
21 87
21 93
21 95
21 105
21 110
21 129
21 132
22 26
22 27
22 49
22 55
22 62
22 75
22 90
22 101
22 106
22 113
22 123
23 30
23 45
23 50
23 55
23 57
23 72
23 76
23 105
23 135
23 141
23 146
23 148
24 34
24 37
24 52
24 73
24 83
24 86
24 98
24 107
24 123
24 144
25 43
25 62
25 74
25 96
25 102
25 113
25 114
25 146
26 30
26 59
26 62
26 65
26 66
26 76
26 84
26 89
26 94
26 95
26 115
26 118
26 127
26 128
27 33
27 42
27 51
27 58
27 62
27 68
27 69
27 111
27 116
27 136
27 137
27 139
28 38
28 64
28 78
28 108
28 109
28 130
29 31
29 36
29 48
29 73
29 80
29 85
29 87
29 109
29 114
29 138
29 144
30 33
30 38
30 42
30 76
30 84
30 85
30 105
30 113
30 118
30 120
30 149
31 36
31 54
31 59
31 60
31 64
31 67
31 79
31 80
31 96
31 131
31 134
31 137
32 35
32 64
32 73
32 75
32 88
32 104
32 108
32 124
32 130
32 137
32 139
32 143
32 149
33 37
33 38
33 44
33 73
33 79
33 103
33 110
33 114
33 118
33 125
33 127
33 128
33 146
33 149
34 35
34 36
34 38
34 40
34 41
34 44
34 49
34 66
34 70
34 79
34 80
34 92
34 93
34 106
34 124
34 132
34 146
35 36
35 62
35 63
35 82
35 93
35 97
35 99
35 101
35 105
35 123
35 126
36 54
36 58
36 62
36 73
36 95
36 102
36 107
36 129
36 142
37 39
37 43
37 65
37 89
37 92
37 97
37 99
37 101
37 108
37 112
37 120
37 138
37 145
37 147
38 53
38 54
38 60
38 72
38 75
38 81
38 92
38 109
38 114
38 125
38 128
38 130
38 141
38 142
38 146
39 61
39 73
39 75
39 85
39 114
39 118
39 124
39 130
39 133
39 141
39 143
40 51
40 79
40 83
40 86
40 108
40 120
40 130
40 141
40 145
40 148
41 70
41 80
41 86
41 97
41 107
41 110
41 120
41 140
41 142
42 63
42 67
42 68
42 78
42 80
42 99
42 109
42 112
42 122
42 145
42 146
42 147
43 48
43 49
43 56
43 57
43 75
43 81
43 91
43 108
43 115
43 124
43 147
44 45
44 56
44 64
44 66
44 78
44 80
44 125
44 149
45 72
45 79
45 80
45 88
45 92
45 94
45 98
45 101
45 102
45 106
45 110
45 128
45 135
45 140
45 142
45 147
46 49
46 54
46 57
46 63
46 72
46 80
46 88
46 90
46 102
46 113
46 129
46 131
46 137
46 143
46 145
47 55
47 60
47 65
47 66
47 79
47 86
47 100
47 102
47 110
47 113
47 121
47 126
48 53
48 68
48 87
48 88
48 91
48 93
48 134
48 143
49 87
49 88
49 121
49 133
49 140
50 56
50 57
50 67
50 86
50 94
50 99
50 109
51 52
51 61
51 63
51 70
51 82
51 90
51 108
51 114
51 115
51 127
51 129
51 137
52 63
52 66
52 71
52 77
52 79
52 86
52 88
52 95
52 97
52 99
52 114
52 116
52 127
52 134
52 143
53 55
53 66
53 73
53 107
53 127
53 131
53 137
53 140
54 61
54 64
54 79
54 84
54 98
54 106
54 115
54 117
54 137
55 57
55 65
55 70
55 71
55 92
55 98
55 102
55 110
55 115
55 119
55 125
55 145
56 70
56 71
56 95
56 100
56 108
57 67
57 77
57 91
57 93
57 94
57 103
57 109
57 110
57 123
57 145
58 59
58 76
58 95
58 106
58 138
58 148
59 64
59 66
59 81
59 82
59 86
59 96
59 109
59 115
59 123
59 129
59 139
60 71
60 75
60 77
60 86
60 106
60 108
60 118
60 123
60 124
60 130
60 148
61 71
61 74
61 93
61 108
61 145
62 66
62 69
62 75
62 76
62 104
62 108
62 127
62 135
62 142
63 85
63 96
63 101
63 110
63 142
64 66
64 74
64 78
64 84
64 87
64 103
64 104
64 112
64 119
64 124
64 128
64 132
64 133
65 71
65 102
65 108
65 112
65 118
65 132
65 144
65 149
66 68
66 69
66 72
66 91
66 108
66 113
66 142
67 104
67 115
67 122
67 140
68 84
68 88
68 96
68 129
69 70
69 74
69 75
69 89
69 97
69 100
69 103
69 109
69 111
69 113
69 116
69 117
69 136
69 142
69 146
69 148
70 88
70 117
70 125
70 130
70 142
70 143
70 146
70 149
71 75
71 95
71 102
71 121
71 129
71 130
71 146
72 79
72 111
72 112
72 113
72 121
73 79
73 85
73 96
73 97
73 107
73 112
73 146
74 79
74 87
74 93
74 94
74 99
74 121
74 129
74 140
74 145
75 79
75 82
75 91
75 101
75 104
75 106
75 131
75 137
75 149
76 82
76 104
76 115
76 116
76 126
76 127
76 132
76 147
77 97
77 102
77 106
77 119
77 122
77 124
77 125
77 133
77 141
78 89
78 113
78 122
78 135
78 139
79 81
79 84
79 85
79 101
79 106
79 107
79 109
79 114
79 116
80 86
80 93
80 97
80 102
80 105
80 114
80 122
80 123
80 124
80 127
80 130
80 131
80 140
80 144
81 83
81 88
81 91
81 100
81 101
81 108
81 125
81 128
82 91
82 95
82 131
82 142
82 143
83 98
83 112
83 131
83 134
83 141
84 111
84 128
84 131
84 145
85 107
85 110
85 122
85 130
85 133
85 144
86 94
86 98
86 102
86 108
87 89
87 144
88 108
88 115
88 118
88 120
88 122
88 123
88 131
88 148
89 105
89 116
89 119
89 128
89 135
89 140
90 96
90 101
90 107
90 114
90 127
90 130
90 132
90 136
90 145
91 94
91 106
91 114
91 121
92 98
92 110
92 115
92 131
92 141
92 148
93 109
93 114
93 122
93 123
93 128
94 95
94 100
94 106
95 112
95 118
95 120
95 124
95 128
95 139
95 140
96 100
96 105
96 129
96 134
97 103
97 119
97 121
97 145
98 99
98 129
99 122
99 127
99 132
99 146
99 147
99 149
100 106
100 117
100 139
100 145
101 106
101 109
101 114
101 120
101 128
101 138
101 139
101 144
101 147
102 103
102 108
102 116
102 129
102 131
102 148
103 126
103 129
103 137
103 141
103 144
104 117
104 124
104 137
104 140
104 143
105 121
105 135
105 148
106 114
106 119
106 124
106 143
107 111
107 127
107 140
107 146
107 147
108 115
108 120
108 123
108 144
109 124
110 124
110 146
111 122
111 140
112 114
112 140
113 116
113 117
113 145
114 123
114 125
114 126
114 142
114 145
115 121
115 124
115 132
115 136
115 138
115 144
115 145
116 120
116 122
116 147
117 119
117 122
117 126
117 130
117 136
117 137
117 139
117 142
117 147
118 121
119 121
119 136
119 138
119 139
119 145
119 148
120 146
121 142
121 143
121 149
122 125
122 132
122 133
122 145
122 149
123 134
123 144
123 148
124 127
124 140
125 137
125 140
127 129
128 129
128 149
129 142
130 134
130 140
130 142
131 134
131 137
132 136
132 146
133 136
133 139
133 141
133 148
135 146
136 138
136 140
137 140
137 142
137 146
138 142
139 144
142 143
144 149
