0 1
0 6
0 10
1 4
1 5
1 6
1 7
1 11
1 13
1 14
2 4
2 5
2 6
2 11
2 13
3 8
3 10
3 11
3 13
3 14
4 5
4 6
4 7
4 9
4 12
4 14
5 7
5 9
5 12
5 13
6 8
6 9
6 12
6 13
7 11
7 12
7 13
7 14
8 10
8 11
8 28
9 10
9 12
9 14
9 29
9 27
10 13
10 14
11 14
13 14
15 16
15 19
15 21
15 22
15 24
15 27
15 28
16 17
16 19
16 23
16 28
16 29
17 18
17 20
17 25
17 27
17 28
17 29
18 19
18 20
18 21
18 22
18 27
18 28
19 20
19 23
19 29
20 23
20 25
20 26
20 28
21 22
21 24
21 25
21 28
22 23
22 27
22 28
23 24
24 25
24 27
24 29
25 29
26 28
