0 1
0 5
0 6
0 9
0 14
0 19
0 21
0 23
0 24
0 29
0 30
0 31
0 36
0 40
0 41
0 43
0 47
0 48
1 2
1 3
1 4
1 6
1 7
1 8
1 9
1 11
1 13
1 14
1 18
1 19
1 20
1 25
1 26
1 27
1 28
1 30
1 31
1 34
1 35
1 38
1 40
1 43
1 44
1 46
1 47
2 5
2 9
2 10
2 11
2 12
2 14
2 15
2 16
2 17
2 19
2 21
2 22
2 23
2 24
2 26
2 28
2 30
2 31
2 32
2 33
2 34
2 35
2 37
2 38
2 40
2 41
2 42
2 43
2 44
2 47
2 48
3 7
3 8
3 10
3 12
3 16
3 18
3 24
3 25
3 26
3 27
3 28
3 29
3 30
3 32
3 38
3 39
3 42
3 45
3 46
3 48
4 8
4 10
4 12
4 15
4 18
4 22
4 23
4 25
4 26
4 30
4 31
4 33
4 35
4 40
4 41
4 44
4 46
4 48
4 49
5 6
5 10
5 11
5 12
5 13
5 14
5 17
5 20
5 21
5 22
5 23
5 24
5 25
5 26
5 27
5 28
5 31
5 32
5 33
5 34
5 37
5 40
5 42
5 46
5 47
5 49
6 9
6 10
6 13
6 14
6 15
6 16
6 20
6 21
6 22
6 23
6 24
6 25
6 32
6 33
6 34
6 35
6 36
6 38
6 39
6 42
6 45
6 46
6 47
6 48
7 8
7 11
7 12
7 13
7 15
7 16
7 18
7 19
7 20
7 27
7 30
7 31
7 33
7 36
7 37
7 46
7 48
7 49
8 11
8 12
8 14
8 15
8 19
8 20
8 21
8 23
8 25
8 26
8 27
8 30
8 32
8 37
8 38
8 39
8 41
8 44
8 96
9 10
9 11
9 12
9 14
9 15
9 16
9 19
9 20
9 24
9 25
9 31
9 34
9 35
9 36
9 37
9 38
9 40
9 43
9 44
9 45
9 46
9 47
9 49
10 13
10 15
10 17
10 18
10 20
10 22
10 23
10 24
10 25
10 27
10 28
10 30
10 31
10 32
10 34
10 36
10 38
10 43
10 45
10 48
11 12
11 13
11 14
11 16
11 17
11 20
11 21
11 22
11 23
11 25
11 27
11 34
11 36
11 37
11 38
11 40
11 44
11 45
11 46
11 49
12 13
12 16
12 17
12 21
12 22
12 24
12 31
12 32
12 33
12 35
12 36
12 37
12 39
12 43
12 44
12 46
12 47
12 49
13 16
13 17
13 19
13 20
13 21
13 22
13 24
13 25
13 26
13 27
13 29
13 32
13 33
13 38
13 40
13 41
13 43
13 44
13 48
14 15
14 16
14 19
14 21
14 22
14 26
14 27
14 28
14 31
14 32
14 33
14 34
14 38
14 39
14 40
14 44
14 46
14 47
14 48
15 16
15 17
15 18
15 19
15 21
15 23
15 24
15 27
15 30
15 31
15 32
15 33
15 34
15 36
15 38
15 40
15 41
15 42
15 44
15 45
15 49
16 17
16 18
16 19
16 21
16 24
16 25
16 26
16 28
16 31
16 33
16 35
16 37
16 38
16 41
16 44
16 47
16 49
17 20
17 21
17 23
17 25
17 27
17 33
17 34
17 36
17 37
17 38
17 39
17 41
17 47
17 48
18 19
18 21
18 22
18 23
18 24
18 26
18 29
18 31
18 32
18 33
18 34
18 35
18 36
18 37
18 39
18 42
18 43
18 47
19 22
19 26
19 27
19 28
19 29
19 31
19 33
19 34
19 44
19 45
19 48
20 21
20 22
20 23
20 25
20 28
20 33
20 34
20 35
20 36
20 39
20 41
20 43
20 45
20 47
20 48
21 22
21 23
21 25
21 30
21 31
21 32
21 37
21 39
21 42
21 43
21 44
21 45
21 46
22 24
22 27
22 28
22 31
22 34
22 36
22 37
22 38
22 39
22 41
22 42
22 43
22 45
22 47
22 49
23 24
23 27
23 28
23 31
23 32
23 33
23 36
23 37
23 39
23 41
23 42
23 43
23 44
23 45
23 46
23 47
23 49
24 25
24 26
24 29
24 30
24 31
24 34
24 35
24 36
24 38
24 43
24 44
24 45
24 46
24 49
24 82
25 28
25 29
25 30
25 35
25 38
25 46
25 48
26 27
26 28
26 30
26 31
26 32
26 37
26 38
26 39
26 43
26 45
26 47
27 31
27 34
27 35
27 41
27 42
27 46
28 29
28 30
28 33
28 35
28 37
28 41
28 42
28 47
29 34
29 36
29 37
29 40
29 41
29 42
29 43
29 44
29 45
29 46
29 47
29 48
29 49
30 31
30 32
30 34
30 37
30 41
30 42
30 43
30 45
31 32
31 34
31 36
31 37
31 38
31 39
31 40
31 41
31 43
31 44
31 45
31 47
32 33
32 34
32 37
32 39
32 40
32 41
32 46
32 47
32 48
32 49
33 34
33 35
33 37
33 39
33 40
33 43
33 44
33 45
33 47
34 36
34 38
34 40
34 46
34 49
35 37
35 40
35 45
35 46
35 48
35 49
36 38
36 40
36 45
36 46
36 48
37 38
37 39
37 40
37 42
37 43
37 44
37 48
37 49
38 39
38 40
38 41
38 43
38 44
38 46
38 47
38 48
38 74
39 44
39 46
39 47
39 49
40 41
40 45
40 47
41 44
41 46
41 47
41 48
41 49
42 44
42 45
42 47
42 49
43 45
43 46
43 47
43 49
44 49
45 47
46 48
46 49
50 51
50 54
50 58
50 61
50 62
50 63
50 66
50 68
50 72
50 73
50 76
50 78
50 81
50 84
50 87
50 90
50 92
50 95
51 52
51 55
51 58
51 59
51 60
51 61
51 63
51 64
51 65
51 67
51 69
51 70
51 71
51 72
51 84
51 87
51 88
51 93
51 95
51 97
52 55
52 56
52 57
52 60
52 61
52 62
52 63
52 64
52 65
52 67
52 68
52 71
52 73
52 74
52 78
52 79
52 81
52 82
52 83
52 84
52 86
52 87
52 89
52 90
52 91
52 93
52 94
52 96
52 97
52 99
53 54
53 55
53 57
53 61
53 63
53 65
53 66
53 68
53 74
53 76
53 77
53 78
53 80
53 81
53 84
53 85
53 88
53 89
53 90
53 96
53 98
53 99
54 55
54 56
54 61
54 64
54 67
54 69
54 71
54 72
54 73
54 75
54 76
54 77
54 78
54 79
54 91
54 93
54 95
54 96
54 99
55 57
55 59
55 63
55 65
55 67
55 68
55 71
55 72
55 75
55 76
55 78
55 79
55 81
55 83
55 84
55 87
55 88
55 90
55 91
55 92
55 95
55 96
55 98
55 99
56 57
56 58
56 59
56 62
56 65
56 68
56 73
56 74
56 81
56 83
56 84
56 87
56 91
56 93
56 94
56 96
56 97
56 98
57 58
57 59
57 60
57 63
57 64
57 67
57 68
57 69
57 71
57 73
57 74
57 79
57 81
57 82
57 86
57 87
57 88
57 93
57 94
57 99
58 61
58 62
58 63
58 64
58 67
58 70
58 71
58 72
58 79
58 80
58 82
58 85
58 88
58 90
58 91
58 92
58 93
58 96
58 97
58 99
59 60
59 61
59 62
59 72
59 74
59 76
59 83
59 86
59 87
59 88
59 90
59 92
59 94
59 96
59 99
60 64
60 65
60 66
60 67
60 69
60 71
60 72
60 73
60 78
60 79
60 81
60 82
60 84
60 85
60 87
60 88
60 89
60 90
60 91
60 94
61 63
61 64
61 65
61 67
61 68
61 69
61 72
61 73
61 74
61 76
61 77
61 80
61 81
61 83
61 84
61 86
61 87
61 90
61 94
61 95
62 63
62 65
62 66
62 69
62 71
62 73
62 74
62 75
62 77
62 79
62 80
62 82
62 84
62 85
62 86
62 87
62 88
62 89
62 90
62 91
62 92
62 93
62 95
62 96
62 98
62 99
63 64
63 65
63 66
63 69
63 71
63 72
63 74
63 75
63 79
63 82
63 84
63 86
63 87
63 88
63 90
63 91
63 96
63 97
63 98
64 69
64 70
64 71
64 72
64 73
64 76
64 78
64 79
64 81
64 82
64 83
64 84
64 85
64 89
64 90
64 92
64 94
64 95
64 96
64 97
64 99
65 66
65 67
65 68
65 69
65 71
65 73
65 74
65 76
65 80
65 83
65 84
65 85
65 86
65 90
65 93
65 96
65 97
65 99
66 70
66 73
66 74
66 75
66 77
66 80
66 81
66 84
66 85
66 86
66 87
66 89
66 90
66 91
66 93
66 95
66 96
66 99
67 68
67 70
67 72
67 75
67 80
67 82
67 83
67 84
67 86
67 87
67 88
67 92
67 96
67 98
67 99
68 70
68 73
68 74
68 75
68 76
68 77
68 78
68 82
68 83
68 87
68 88
68 89
68 92
68 98
68 99
69 70
69 73
69 74
69 77
69 81
69 85
69 86
69 87
69 88
69 89
69 90
69 91
69 92
69 96
69 99
70 73
70 74
70 79
70 83
70 84
70 87
70 88
70 89
70 92
70 95
70 96
70 97
70 98
71 75
71 76
71 81
71 85
71 88
71 90
71 93
71 95
71 96
71 97
71 99
72 73
72 75
72 78
72 80
72 82
72 86
72 88
72 90
72 91
72 92
72 93
72 97
72 98
73 76
73 77
73 78
73 79
73 80
73 85
73 88
73 90
73 91
73 92
73 93
73 96
73 98
73 99
74 76
74 77
74 78
74 79
74 84
74 85
74 86
74 87
74 88
74 89
74 91
74 95
74 96
74 98
74 99
75 76
75 79
75 80
75 82
75 83
75 84
75 85
75 86
75 88
75 92
75 93
75 94
75 97
75 99
76 78
76 81
76 82
76 83
76 84
76 86
76 87
76 91
76 93
76 97
76 98
76 99
77 78
77 79
77 83
77 84
77 87
77 88
77 90
77 92
77 93
77 96
77 97
78 81
78 91
78 94
78 95
78 96
78 99
79 80
79 81
79 82
79 86
79 88
79 89
79 90
79 91
79 93
79 95
79 96
80 81
80 83
80 87
80 88
80 89
80 91
80 93
80 95
80 99
81 82
81 86
81 87
81 89
81 90
81 92
81 93
81 97
81 98
82 84
82 86
82 87
82 88
82 91
82 93
82 96
82 97
82 99
83 87
83 89
83 91
83 96
83 97
83 98
83 99
84 86
84 87
84 88
84 89
84 90
84 91
84 92
84 93
84 95
84 96
84 97
84 99
85 90
85 92
85 97
85 98
85 99
86 87
86 88
86 89
86 90
86 91
86 92
86 93
86 98
87 88
87 89
87 91
87 93
87 94
87 95
88 90
88 91
88 92
88 93
88 95
89 91
89 92
89 93
89 94
89 95
89 96
89 97
89 98
90 91
90 92
90 93
90 94
90 98
92 93
92 94
92 95
92 96
92 97
92 99
93 95
94 95
94 97
95 96
95 97
98 99
