0 1
0 2
0 3
0 4
0 5
0 7
0 8
0 9
0 10
0 11
0 14
0 15
0 17
0 19
0 20
0 21
0 22
0 24
0 27
0 28
0 30
0 32
0 33
1 3
1 5
1 6
1 11
1 12
1 13
1 17
1 19
1 21
1 24
1 27
1 28
1 30
1 31
1 32
1 33
2 4
2 5
2 7
2 9
2 10
2 13
2 15
2 16
2 17
2 18
2 19
2 20
2 21
2 28
2 30
2 31
2 32
2 33
2 35
3 4
3 10
3 11
3 14
3 15
3 16
3 17
3 18
3 23
3 24
3 25
3 26
3 27
3 32
3 35
3 49
4 8
4 10
4 12
4 17
4 18
4 19
4 20
4 25
4 26
4 29
4 30
4 31
4 32
4 35
5 6
5 10
5 13
5 19
5 21
5 23
5 24
5 26
5 29
5 30
5 31
5 33
5 35
6 7
6 9
6 11
6 12
6 13
6 14
6 15
6 17
6 19
6 20
6 23
6 25
6 30
6 33
6 35
7 11
7 12
7 14
7 15
7 19
7 20
7 21
7 23
7 25
7 27
7 31
7 33
8 9
8 12
8 15
8 17
8 18
8 23
8 25
8 27
8 28
8 30
8 35
8 36
9 14
9 15
9 16
9 19
9 20
9 21
9 25
9 26
9 28
9 30
9 36
10 11
10 14
10 15
10 18
10 19
10 23
10 24
10 25
10 30
10 32
10 34
10 35
10 71
11 13
11 15
11 18
11 19
11 20
11 24
11 25
11 26
11 28
11 29
11 31
11 34
11 35
12 14
12 16
12 17
12 18
12 19
12 20
12 23
12 24
12 25
12 27
12 29
12 35
12 36
13 17
13 19
13 20
13 22
13 26
13 27
13 34
13 36
14 24
14 27
14 31
14 33
14 34
15 20
15 22
15 23
15 24
15 26
15 30
15 31
15 32
15 33
15 34
15 36
16 20
16 21
16 22
16 23
16 24
16 26
16 28
16 31
16 34
16 36
17 18
17 24
17 25
17 27
17 28
17 30
17 32
17 33
17 35
17 36
18 19
18 25
18 26
18 27
18 28
18 29
18 31
18 32
18 35
19 21
19 22
19 23
19 29
19 30
19 33
19 34
19 35
20 21
20 23
20 24
20 26
20 27
20 28
20 29
20 30
20 31
20 33
20 35
20 36
21 22
21 23
21 24
21 25
21 29
21 30
21 36
22 25
22 27
22 28
22 29
22 32
22 34
22 35
22 36
22 60
23 24
23 25
23 26
23 27
23 28
23 29
23 31
23 32
23 33
23 34
23 35
24 25
24 26
24 31
24 32
24 33
24 34
24 35
24 36
25 28
25 29
25 30
25 33
25 34
25 35
26 31
26 32
26 34
26 35
26 36
27 30
27 34
27 36
28 32
28 33
28 34
28 36
29 30
29 31
30 31
30 32
30 35
31 34
31 35
32 34
33 34
33 35
37 38
37 39
37 43
37 46
37 47
37 48
37 49
37 53
37 54
37 60
37 63
37 65
37 66
37 67
37 68
37 69
37 72
37 74
38 39
38 40
38 43
38 45
38 46
38 50
38 51
38 55
38 58
38 59
38 61
38 62
38 64
38 65
38 66
38 69
38 70
38 71
38 73
39 40
39 45
39 46
39 47
39 54
39 57
39 62
39 64
39 66
39 70
39 71
39 73
40 50
40 55
40 59
40 60
40 64
40 65
40 67
40 69
40 70
40 71
40 72
40 73
40 74
41 42
41 43
41 44
41 45
41 47
41 50
41 51
41 54
41 55
41 57
41 62
41 65
41 68
41 69
41 70
42 43
42 44
42 46
42 47
42 49
42 50
42 57
42 58
42 61
42 62
42 63
42 64
42 70
42 74
43 44
43 53
43 54
43 56
43 60
43 61
43 63
43 69
43 71
44 49
44 50
44 51
44 52
44 54
44 55
44 57
44 58
44 61
44 63
44 64
44 65
44 66
44 67
44 68
44 69
44 71
44 74
45 46
45 48
45 49
45 50
45 51
45 52
45 55
45 56
45 61
45 64
45 65
45 66
45 67
45 69
45 70
45 72
45 73
45 74
46 47
46 48
46 49
46 50
46 52
46 53
46 54
46 55
46 56
46 61
46 62
46 70
46 73
47 48
47 49
47 51
47 55
47 59
47 62
47 66
47 67
47 68
48 49
48 50
48 52
48 54
48 55
48 56
48 58
48 61
48 64
48 65
48 66
48 68
48 69
48 70
48 73
48 74
49 50
49 51
49 56
49 57
49 62
49 64
49 65
49 66
49 69
49 70
49 72
49 73
49 74
50 52
50 53
50 54
50 55
50 58
50 61
50 67
50 70
50 73
51 52
51 53
51 54
51 55
51 56
51 57
51 60
51 62
51 65
51 67
51 70
51 72
51 74
52 54
52 56
52 57
52 58
52 60
52 62
52 64
52 65
52 66
52 67
52 68
52 70
52 72
53 55
53 59
53 65
53 66
53 69
53 70
53 71
53 72
53 74
54 56
54 57
54 59
54 60
54 61
54 63
54 66
54 68
54 71
54 73
55 56
55 60
55 61
55 64
55 65
55 67
55 68
55 69
55 71
55 72
55 73
56 57
56 58
56 60
56 62
56 64
56 65
56 68
56 69
56 71
56 72
57 63
57 68
57 70
57 71
57 74
58 60
58 61
58 62
58 63
58 67
58 68
58 71
58 72
59 64
59 66
59 67
59 70
59 71
59 72
60 62
60 63
60 64
60 65
60 68
60 70
60 72
61 68
62 63
62 64
62 67
62 68
62 69
62 71
62 72
62 74
63 65
63 67
63 68
63 69
63 70
63 72
64 65
64 66
64 67
65 66
65 73
65 74
66 71
67 68
67 69
67 70
67 72
67 74
68 69
68 70
68 72
68 73
69 70
70 74
71 74
72 73
72 74
73 74
