0 3
0 4
0 11
0 12
0 15
0 17
0 18
1 2
1 6
1 7
1 8
1 12
1 14
1 17
1 18
1 19
1 38
2 6
2 7
2 11
2 12
2 15
2 19
3 4
3 7
3 8
3 11
3 16
3 18
3 19
4 6
4 7
4 8
4 9
4 11
4 13
4 14
4 17
5 6
5 8
5 9
5 10
5 16
5 17
5 18
6 9
6 11
6 13
6 15
6 16
6 17
6 19
7 8
7 9
7 10
7 12
7 16
7 17
7 18
7 19
8 13
8 16
9 10
9 11
9 12
9 13
9 16
10 12
10 15
10 16
10 19
10 31
11 12
11 14
11 15
11 19
12 13
12 15
12 16
12 18
12 19
13 16
13 17
13 19
14 15
14 19
15 16
15 17
15 18
15 34
16 18
16 19
17 19
20 21
20 22
20 23
20 25
20 26
20 27
20 29
20 30
20 31
20 32
20 34
20 35
20 36
20 37
21 22
21 26
21 27
21 28
21 29
21 32
21 33
21 35
21 36
21 37
22 24
22 25
22 26
22 27
22 29
22 31
23 25
23 27
23 28
23 33
23 38
23 39
24 25
24 27
24 28
24 29
24 31
24 32
24 34
24 38
24 39
25 28
25 30
25 31
25 34
25 36
25 37
26 27
26 29
26 30
27 33
27 35
27 36
28 29
28 33
28 36
29 30
29 32
29 34
29 36
29 37
30 31
30 32
30 35
30 37
30 39
31 32
31 38
32 33
32 36
32 37
33 34
33 35
33 36
33 38
34 36
34 37
34 38
35 36
35 37
35 38
35 39
36 39
37 38
37 39
38 39
