0 7
0 8
0 12
0 36
0 37
0 65
0 90
0 92
0 97
0 98
0 107
0 119
0 125
0 137
0 146
0 150
0 165
0 170
0 198
0 199
0 206
0 214
0 271
0 280
0 287
0 288
1 10
1 39
1 48
1 55
1 57
1 64
1 69
1 74
1 101
1 123
1 129
1 150
1 188
1 190
1 195
1 254
1 255
1 258
1 264
1 268
1 288
1 289
2 15
2 19
2 25
2 36
2 39
2 42
2 56
2 58
2 63
2 66
2 80
2 97
2 141
2 148
2 171
2 189
2 191
2 195
2 208
2 217
2 228
2 231
2 248
2 250
2 267
2 279
2 285
2 291
2 294
2 299
3 47
3 54
3 64
3 88
3 94
3 98
3 158
3 181
3 192
3 206
3 220
3 221
3 250
3 255
3 267
3 280
3 284
3 287
3 297
4 39
4 43
4 52
4 70
4 71
4 74
4 80
4 99
4 106
4 127
4 136
4 141
4 144
4 163
4 165
4 171
4 189
4 190
4 203
4 209
4 213
4 219
4 227
4 238
4 252
4 259
4 274
4 290
4 294
5 32
5 36
5 39
5 56
5 57
5 74
5 80
5 88
5 104
5 105
5 109
5 113
5 114
5 131
5 147
5 178
5 186
5 194
5 201
5 215
5 225
5 228
5 235
5 238
5 243
5 250
5 252
5 258
5 263
5 271
6 19
6 26
6 28
6 31
6 41
6 47
6 50
6 51
6 76
6 94
6 99
6 104
6 108
6 111
6 112
6 115
6 122
6 144
6 148
6 156
6 160
6 182
6 227
6 236
6 238
6 258
6 280
6 284
6 287
7 26
7 27
7 55
7 59
7 73
7 78
7 80
7 84
7 102
7 108
7 112
7 143
7 167
7 184
7 187
7 207
7 241
7 251
7 277
7 282
7 299
8 14
8 24
8 26
8 28
8 40
8 43
8 59
8 70
8 74
8 78
8 84
8 98
8 127
8 161
8 163
8 173
8 202
8 208
8 212
8 221
8 226
8 229
8 230
8 233
8 253
8 281
8 282
8 286
9 11
9 40
9 43
9 48
9 51
9 58
9 67
9 73
9 79
9 83
9 141
9 154
9 186
9 205
9 215
9 242
9 254
9 259
9 262
9 266
9 272
9 282
9 287
9 289
10 13
10 20
10 28
10 37
10 38
10 73
10 112
10 113
10 130
10 147
10 179
10 182
10 185
10 194
10 197
10 212
10 217
10 218
10 220
10 221
10 222
10 224
10 233
10 235
10 238
10 273
10 283
10 292
11 15
11 28
11 29
11 35
11 39
11 51
11 100
11 104
11 114
11 123
11 126
11 161
11 169
11 174
11 180
11 183
11 243
11 248
11 266
11 274
11 276
11 279
11 283
11 284
12 24
12 25
12 27
12 37
12 59
12 61
12 77
12 79
12 95
12 123
12 127
12 134
12 145
12 168
12 174
12 187
12 205
12 226
12 239
12 242
12 248
12 254
12 258
12 263
12 264
12 278
12 291
12 299
13 16
13 23
13 35
13 41
13 52
13 77
13 78
13 92
13 102
13 105
13 109
13 118
13 123
13 124
13 138
13 142
13 145
13 148
13 153
13 169
13 179
13 184
13 189
13 194
13 201
13 206
13 227
13 239
13 240
13 241
13 249
13 267
13 281
13 292
14 16
14 26
14 38
14 44
14 46
14 49
14 51
14 64
14 90
14 122
14 131
14 158
14 161
14 184
14 194
14 198
14 211
14 217
14 223
14 225
14 229
14 237
14 244
14 246
14 247
14 258
14 263
14 271
14 280
14 286
15 18
15 31
15 37
15 40
15 41
15 42
15 50
15 53
15 56
15 58
15 62
15 73
15 90
15 92
15 95
15 112
15 118
15 154
15 166
15 206
15 218
15 230
15 252
15 272
15 283
15 289
16 32
16 64
16 86
16 98
16 105
16 117
16 122
16 134
16 148
16 187
16 189
16 205
16 216
16 217
16 225
16 275
16 283
16 286
16 288
16 299
17 19
17 30
17 44
17 62
17 83
17 88
17 102
17 124
17 131
17 132
17 144
17 145
17 146
17 163
17 164
17 167
17 186
17 189
17 200
17 217
17 220
17 229
17 230
17 232
17 238
17 240
17 242
17 245
17 248
17 261
17 266
17 288
18 29
18 31
18 36
18 39
18 65
18 73
18 81
18 101
18 108
18 112
18 113
18 114
18 121
18 125
18 128
18 132
18 134
18 138
18 140
18 150
18 160
18 162
18 174
18 204
18 216
18 220
18 224
18 235
18 239
18 247
18 249
18 254
18 257
18 267
19 29
19 32
19 33
19 54
19 59
19 64
19 66
19 68
19 92
19 112
19 131
19 140
19 158
19 162
19 165
19 170
19 186
19 204
19 211
19 224
19 229
19 235
19 237
19 241
19 251
19 255
19 258
19 267
19 284
20 42
20 51
20 74
20 86
20 92
20 102
20 107
20 111
20 164
20 194
20 195
20 201
20 209
20 220
20 221
20 224
20 226
20 232
20 233
20 248
20 266
20 279
20 282
21 31
21 40
21 54
21 64
21 70
21 84
21 88
21 96
21 97
21 108
21 109
21 112
21 116
21 155
21 220
21 241
21 242
21 245
21 263
21 268
21 271
21 278
22 42
22 68
22 77
22 82
22 84
22 86
22 91
22 93
22 95
22 98
22 103
22 104
22 119
22 128
22 131
22 137
22 165
22 186
22 191
22 197
22 198
22 213
22 218
22 219
22 228
22 236
22 259
22 264
22 293
22 295
22 298
23 38
23 59
23 72
23 89
23 95
23 111
23 114
23 124
23 131
23 137
23 146
23 152
23 166
23 186
23 193
23 194
23 213
23 223
23 232
23 234
23 248
23 268
23 287
23 296
24 32
24 39
24 45
24 55
24 56
24 59
24 64
24 70
24 71
24 87
24 102
24 106
24 116
24 117
24 119
24 122
24 128
24 138
24 144
24 154
24 167
24 172
24 175
24 180
24 185
24 190
24 197
24 204
24 211
24 222
24 223
24 253
24 256
24 258
24 260
24 262
24 263
24 264
24 271
24 275
24 281
24 284
25 56
25 73
25 78
25 82
25 88
25 91
25 94
25 101
25 126
25 127
25 166
25 195
25 200
25 227
25 242
25 253
25 276
25 277
25 285
26 27
26 29
26 38
26 47
26 59
26 65
26 74
26 79
26 80
26 84
26 88
26 91
26 94
26 96
26 102
26 126
26 154
26 170
26 173
26 182
26 188
26 189
26 192
26 220
26 227
26 237
26 246
26 252
26 258
26 260
26 282
26 287
26 292
27 30
27 61
27 68
27 82
27 95
27 107
27 111
27 114
27 123
27 126
27 133
27 152
27 153
27 154
27 169
27 171
27 173
27 182
27 189
27 192
27 207
27 226
27 229
27 241
27 242
27 246
27 251
27 255
27 276
27 279
27 286
27 291
28 39
28 42
28 52
28 64
28 68
28 76
28 85
28 92
28 115
28 116
28 130
28 136
28 147
28 161
28 173
28 177
28 183
28 189
28 219
28 243
28 249
28 257
28 260
28 274
28 280
28 294
29 30
29 72
29 73
29 79
29 80
29 86
29 87
29 96
29 101
29 102
29 104
29 108
29 116
29 125
29 138
29 148
29 153
29 172
29 173
29 180
29 186
29 227
29 228
29 229
29 235
29 241
29 257
29 258
29 264
29 266
29 268
29 280
29 286
30 67
30 77
30 87
30 91
30 92
30 107
30 108
30 119
30 121
30 135
30 136
30 143
30 144
30 150
30 152
30 159
30 165
30 179
30 182
30 184
30 190
30 218
30 222
30 231
30 240
30 247
30 265
30 275
30 286
30 289
30 295
30 299
31 36
31 52
31 59
31 68
31 84
31 85
31 90
31 114
31 120
31 124
31 162
31 192
31 203
31 208
31 214
31 218
31 228
31 230
31 248
31 249
31 257
31 260
31 284
31 291
31 294
32 49
32 60
32 61
32 65
32 80
32 99
32 114
32 125
32 166
32 167
32 168
32 176
32 237
32 246
32 247
32 249
32 272
32 274
32 278
32 285
32 292
33 67
33 88
33 104
33 107
33 110
33 137
33 142
33 145
33 170
33 194
33 197
33 214
33 217
33 229
33 236
33 243
33 245
33 268
33 272
33 274
33 279
33 280
33 285
33 287
33 292
33 294
33 298
34 36
34 39
34 46
34 65
34 93
34 94
34 99
34 111
34 118
34 136
34 140
34 156
34 162
34 164
34 172
34 180
34 194
34 200
34 219
34 231
34 239
34 242
34 247
34 253
34 254
34 259
34 266
34 269
34 271
34 273
34 274
34 299
35 52
35 54
35 58
35 71
35 78
35 108
35 112
35 115
35 117
35 122
35 147
35 154
35 176
35 181
35 190
35 197
35 211
35 214
35 239
35 246
35 249
35 274
36 49
36 60
36 69
36 75
36 79
36 143
36 144
36 156
36 169
36 172
36 173
36 176
36 193
36 206
36 221
36 239
36 245
36 255
36 263
36 285
36 287
37 42
37 55
37 63
37 87
37 102
37 104
37 105
37 116
37 125
37 140
37 144
37 179
37 180
37 200
37 201
37 210
37 212
37 230
37 231
37 235
37 243
37 251
37 266
37 270
37 291
38 44
38 53
38 60
38 68
38 69
38 80
38 81
38 83
38 104
38 105
38 108
38 120
38 128
38 130
38 131
38 132
38 148
38 149
38 150
38 164
38 186
38 204
38 223
38 229
38 239
38 245
38 250
38 251
38 256
38 270
38 271
38 274
39 43
39 47
39 65
39 66
39 68
39 69
39 74
39 112
39 114
39 122
39 141
39 146
39 147
39 152
39 167
39 173
39 179
39 182
39 205
39 225
39 226
39 228
39 237
39 242
39 253
39 254
39 266
39 274
39 278
39 281
39 291
39 296
39 298
40 49
40 58
40 59
40 78
40 94
40 115
40 117
40 121
40 124
40 136
40 138
40 154
40 171
40 182
40 202
40 204
40 220
40 235
40 251
40 263
40 297
41 50
41 52
41 60
41 75
41 80
41 81
41 102
41 103
41 115
41 138
41 145
41 151
41 176
41 189
41 193
41 197
41 201
41 203
41 221
41 222
41 231
41 238
41 249
41 256
41 260
41 280
41 281
41 291
42 45
42 53
42 72
42 79
42 88
42 98
42 127
42 137
42 148
42 151
42 185
42 195
42 202
42 213
42 221
42 249
42 254
42 257
42 276
42 282
42 291
42 292
42 296
42 297
43 61
43 67
43 88
43 112
43 115
43 116
43 123
43 141
43 155
43 157
43 170
43 176
43 184
43 192
43 194
43 218
43 291
43 298
44 49
44 52
44 69
44 74
44 80
44 81
44 82
44 85
44 112
44 115
44 124
44 127
44 156
44 161
44 163
44 166
44 176
44 189
44 194
44 196
44 197
44 199
44 202
44 204
44 207
44 224
44 249
44 250
44 278
44 296
45 60
45 64
45 82
45 84
45 88
45 94
45 100
45 108
45 109
45 115
45 151
45 153
45 154
45 185
45 207
45 227
45 243
45 250
45 253
45 260
45 271
45 274
46 51
46 73
46 92
46 95
46 98
46 103
46 120
46 126
46 138
46 144
46 146
46 169
46 173
46 179
46 219
46 225
46 253
46 254
46 265
46 289
46 294
47 49
47 53
47 69
47 94
47 95
47 110
47 114
47 141
47 142
47 172
47 182
47 213
47 245
47 254
47 260
47 270
47 274
47 276
47 283
47 288
48 62
48 72
48 79
48 96
48 107
48 111
48 115
48 117
48 126
48 139
48 170
48 178
48 189
48 210
48 219
48 231
48 233
48 234
48 237
48 242
48 246
48 249
48 251
48 259
48 262
48 265
48 275
48 295
48 298
49 61
49 62
49 89
49 92
49 98
49 106
49 107
49 124
49 133
49 153
49 159
49 163
49 177
49 180
49 182
49 187
49 188
49 189
49 193
49 202
49 220
49 228
49 229
49 237
49 255
49 258
49 270
49 272
49 273
49 278
49 279
49 284
49 287
49 289
49 293
49 299
50 71
50 76
50 78
50 89
50 91
50 111
50 115
50 122
50 129
50 137
50 163
50 172
50 202
50 220
50 223
50 231
50 243
50 247
50 259
50 260
50 279
50 289
51 60
51 68
51 77
51 89
51 90
51 110
51 116
51 117
51 131
51 138
51 149
51 183
51 184
51 216
51 236
51 237
51 267
51 290
52 61
52 79
52 82
52 110
52 127
52 143
52 146
52 155
52 157
52 159
52 168
52 174
52 179
52 195
52 202
52 204
52 205
52 206
52 207
52 218
52 258
52 263
52 271
52 283
53 57
53 66
53 83
53 84
53 87
53 108
53 110
53 119
53 124
53 135
53 145
53 154
53 178
53 181
53 187
53 193
53 203
53 207
53 209
53 213
53 225
53 228
53 239
53 243
53 258
53 278
53 287
54 59
54 67
54 71
54 76
54 81
54 87
54 92
54 110
54 131
54 160
54 162
54 175
54 190
54 204
54 210
54 244
54 254
54 266
54 267
54 268
54 270
54 272
54 275
55 63
55 64
55 65
55 70
55 77
55 85
55 86
55 89
55 106
55 115
55 119
55 127
55 144
55 152
55 153
55 175
55 191
55 197
55 204
55 214
55 217
55 257
55 263
55 284
56 65
56 68
56 74
56 75
56 113
56 119
56 120
56 125
56 143
56 152
56 155
56 158
56 174
56 178
56 184
56 194
56 196
56 206
56 210
56 223
56 224
56 225
56 236
56 245
56 247
56 248
56 255
56 279
57 70
57 84
57 89
57 97
57 109
57 111
57 112
57 136
57 138
57 145
57 156
57 174
57 175
57 186
57 187
57 192
57 197
57 209
57 226
57 239
57 244
57 267
57 282
57 287
58 60
58 69
58 78
58 97
58 101
58 110
58 138
58 139
58 148
58 198
58 201
58 212
58 216
58 226
58 268
59 71
59 75
59 78
59 86
59 140
59 144
59 163
59 177
59 179
59 196
59 198
59 224
59 241
59 256
59 261
59 279
59 284
60 82
60 90
60 93
60 101
60 102
60 105
60 108
60 132
60 134
60 137
60 158
60 160
60 166
60 170
60 217
60 218
60 239
60 240
60 252
60 283
60 287
61 62
61 94
61 104
61 114
61 142
61 146
61 154
61 180
61 188
61 196
61 200
61 202
61 207
61 229
61 230
61 232
61 244
61 257
61 264
61 273
61 276
61 289
61 294
61 298
62 71
62 72
62 73
62 83
62 100
62 101
62 103
62 111
62 112
62 119
62 137
62 138
62 147
62 148
62 172
62 218
62 232
62 239
62 252
62 261
62 266
62 273
62 274
62 281
62 282
62 284
62 291
63 74
63 90
63 92
63 95
63 132
63 138
63 139
63 161
63 162
63 163
63 165
63 172
63 173
63 176
63 177
63 183
63 186
63 192
63 204
63 205
63 212
63 213
63 230
63 237
63 251
63 260
63 274
63 294
64 99
64 102
64 105
64 106
64 110
64 117
64 127
64 129
64 177
64 241
64 259
64 276
64 279
64 290
64 291
65 76
65 89
65 91
65 96
65 109
65 119
65 123
65 127
65 134
65 139
65 143
65 150
65 156
65 159
65 169
65 193
65 201
65 207
65 215
65 225
65 235
65 241
65 257
65 269
65 276
65 291
66 70
66 75
66 86
66 89
66 103
66 105
66 106
66 137
66 151
66 156
66 157
66 164
66 174
66 175
66 207
66 216
66 264
66 293
67 71
67 72
67 74
67 81
67 84
67 92
67 97
67 102
67 104
67 121
67 130
67 133
67 135
67 136
67 162
67 170
67 192
67 195
67 197
67 205
67 237
67 238
67 246
67 251
67 252
67 266
67 270
67 271
67 272
67 282
67 283
67 296
67 299
68 93
68 97
68 98
68 108
68 138
68 140
68 165
68 171
68 175
68 187
68 190
68 206
68 211
68 225
68 233
68 240
68 250
68 269
68 276
68 279
68 285
68 290
68 297
68 299
69 71
69 76
69 80
69 82
69 87
69 91
69 95
69 103
69 138
69 156
69 183
69 185
69 223
69 233
69 237
69 245
69 254
69 273
69 288
69 290
69 296
70 85
70 100
70 108
70 119
70 125
70 148
70 152
70 154
70 160
70 174
70 178
70 185
70 203
70 223
70 226
70 237
70 243
70 255
70 256
70 264
70 274
70 296
71 73
71 81
71 83
71 98
71 108
71 118
71 126
71 138
71 157
71 159
71 173
71 194
71 203
71 220
71 222
71 232
71 245
71 256
71 266
71 272
71 281
72 79
72 110
72 134
72 145
72 157
72 166
72 173
72 191
72 197
72 218
72 222
72 230
72 243
72 244
72 248
72 250
72 253
72 261
72 272
72 275
73 76
73 84
73 95
73 104
73 114
73 117
73 122
73 132
73 136
73 146
73 148
73 156
73 162
73 172
73 188
73 201
73 215
73 216
73 217
73 218
73 220
73 239
73 268
73 273
73 275
73 289
74 76
74 80
74 99
74 113
74 133
74 144
74 149
74 150
74 151
74 155
74 170
74 174
74 176
74 195
74 197
74 229
74 242
74 257
74 268
74 292
75 97
75 98
75 118
75 120
75 123
75 141
75 143
75 149
75 154
75 166
75 180
75 188
75 195
75 207
75 214
75 219
75 243
75 246
75 255
75 256
75 260
75 265
75 270
75 274
76 77
76 80
76 86
76 95
76 99
76 105
76 113
76 127
76 147
76 162
76 164
76 168
76 177
76 228
76 236
76 244
76 259
76 267
76 287
77 82
77 83
77 94
77 101
77 102
77 115
77 126
77 127
77 131
77 160
77 162
77 167
77 187
77 194
77 206
77 211
77 222
77 225
77 243
77 252
77 261
77 270
77 282
78 88
78 96
78 99
78 124
78 133
78 139
78 145
78 150
78 161
78 240
78 253
78 268
78 273
78 282
78 289
79 92
79 98
79 103
79 132
79 133
79 145
79 151
79 154
79 172
79 180
79 204
79 224
79 226
79 229
79 254
79 265
79 281
79 287
80 81
80 89
80 93
80 110
80 116
80 126
80 136
80 143
80 165
80 167
80 188
80 189
80 192
80 194
80 202
80 218
80 230
80 231
80 243
80 252
80 279
80 284
80 285
80 290
81 94
81 98
81 101
81 115
81 124
81 130
81 138
81 145
81 153
81 159
81 177
81 183
81 192
81 193
81 196
81 197
81 223
81 229
81 293
81 294
81 299
82 93
82 123
82 126
82 128
82 131
82 140
82 150
82 158
82 167
82 184
82 193
82 194
82 201
82 213
82 229
82 238
82 243
82 250
82 276
82 278
82 281
82 283
82 299
83 84
83 88
83 103
83 122
83 133
83 139
83 141
83 151
83 160
83 204
83 209
83 240
83 256
83 266
84 91
84 109
84 114
84 120
84 135
84 140
84 144
84 148
84 149
84 159
84 160
84 162
84 166
84 172
84 197
84 206
84 212
84 215
84 224
84 225
84 227
84 238
84 241
84 258
84 261
84 274
84 297
85 92
85 93
85 122
85 137
85 141
85 142
85 155
85 164
85 174
85 181
85 191
85 201
85 207
85 212
85 213
85 224
85 229
85 240
85 255
85 256
85 284
86 90
86 93
86 94
86 109
86 115
86 129
86 158
86 168
86 182
86 186
86 212
86 217
86 222
86 254
86 258
86 260
86 267
86 269
86 274
86 278
86 282
86 290
87 96
87 101
87 103
87 109
87 113
87 125
87 150
87 153
87 156
87 177
87 203
87 204
87 205
87 208
87 217
87 266
87 272
87 279
87 280
87 282
87 290
87 298
87 299
88 96
88 100
88 112
88 123
88 128
88 150
88 178
88 187
88 196
88 209
88 213
88 222
88 229
88 241
88 247
88 293
88 298
89 96
89 149
89 153
89 160
89 175
89 181
89 183
89 192
89 193
89 200
89 204
89 209
89 218
89 219
89 265
89 268
89 274
89 280
89 283
89 292
90 105
90 111
90 117
90 123
90 125
90 137
90 146
90 147
90 151
90 153
90 164
90 179
90 182
90 184
90 193
90 224
90 242
90 244
90 258
90 260
90 266
90 281
90 285
90 292
90 293
91 93
91 96
91 143
91 144
91 148
91 158
91 159
91 160
91 179
91 224
91 245
92 137
92 139
92 144
92 155
92 161
92 163
92 167
92 181
92 183
92 184
92 201
92 212
92 223
92 231
92 240
92 249
92 251
92 260
92 261
92 271
92 283
92 295
93 98
93 126
93 139
93 153
93 159
93 162
93 174
93 193
93 228
93 242
93 257
93 258
93 281
93 288
93 298
94 105
94 110
94 119
94 123
94 134
94 178
94 181
94 188
94 189
94 192
94 200
94 202
94 211
94 215
94 230
94 246
94 247
94 259
94 281
94 288
94 294
94 296
95 96
95 104
95 106
95 133
95 154
95 190
95 195
95 196
95 207
95 236
95 243
95 246
95 253
95 289
96 97
96 102
96 107
96 109
96 115
96 116
96 142
96 144
96 168
96 174
96 176
96 191
96 208
96 214
96 216
96 246
96 253
96 262
96 292
97 126
97 147
97 148
97 158
97 164
97 177
97 178
97 179
97 185
97 186
97 187
97 188
97 192
97 193
97 205
97 206
97 207
97 210
97 211
97 238
97 249
97 262
97 265
97 266
97 283
97 299
98 110
98 115
98 137
98 145
98 163
98 170
98 180
98 183
98 225
98 226
98 247
98 256
98 258
98 268
98 283
98 298
99 101
99 112
99 116
99 124
99 125
99 128
99 137
99 140
99 155
99 159
99 161
99 177
99 178
99 201
99 202
99 204
99 206
99 212
99 234
99 236
99 248
99 262
99 263
99 264
99 266
99 281
100 112
100 119
100 138
100 151
100 165
100 173
100 182
100 184
100 186
100 197
100 210
100 213
100 214
100 216
100 219
100 221
100 234
100 235
100 258
100 264
100 269
101 104
101 107
101 113
101 117
101 118
101 136
101 144
101 148
101 151
101 172
101 180
101 184
101 212
101 213
101 214
101 215
101 217
101 219
101 221
101 238
101 241
101 259
101 279
101 298
102 107
102 109
102 121
102 125
102 127
102 142
102 155
102 165
102 184
102 199
102 207
102 221
102 237
102 257
103 112
103 128
103 145
103 166
103 176
103 192
103 201
103 210
103 217
103 219
103 235
103 254
103 266
103 270
103 272
103 281
103 287
104 109
104 115
104 118
104 121
104 123
104 140
104 141
104 145
104 159
104 174
104 205
104 207
104 219
104 230
104 231
104 235
104 241
104 271
104 294
104 295
105 123
105 124
105 142
105 143
105 148
105 150
105 160
105 166
105 180
105 190
105 213
105 240
105 249
105 256
105 261
105 273
105 282
105 289
105 295
106 115
106 117
106 124
106 125
106 142
106 157
106 160
106 167
106 176
106 188
106 191
106 216
106 221
106 222
106 251
106 259
106 270
106 271
107 111
107 119
107 120
107 125
107 132
107 134
107 138
107 139
107 145
107 153
107 154
107 166
107 179
107 189
107 226
107 246
107 250
107 263
107 267
107 282
107 283
107 286
107 287
107 294
108 111
108 139
108 141
108 152
108 161
108 168
108 173
108 174
108 188
108 190
108 201
108 219
108 224
108 226
108 235
108 237
108 245
108 266
108 268
108 269
108 297
109 114
109 118
109 119
109 126
109 133
109 157
109 166
109 167
109 169
109 174
109 180
109 185
109 192
109 199
109 202
109 203
109 213
109 219
109 226
109 230
109 240
109 243
109 247
109 259
109 270
109 278
109 281
110 139
110 140
110 148
110 155
110 175
110 176
110 183
110 193
110 207
110 241
110 248
110 249
110 251
110 256
110 264
110 265
110 278
110 284
110 294
111 114
111 132
111 135
111 140
111 146
111 163
111 172
111 183
111 194
111 202
111 208
111 221
111 239
111 241
111 243
111 246
111 261
111 262
111 267
111 268
111 271
111 295
111 298
112 120
112 121
112 127
112 146
112 201
112 215
112 224
112 227
112 234
112 239
112 246
112 257
112 263
113 117
113 119
113 137
113 140
113 152
113 162
113 171
113 184
113 188
113 193
113 200
113 217
113 239
113 240
113 268
113 271
113 279
113 290
113 296
114 122
114 129
114 136
114 146
114 159
114 160
114 174
114 179
114 215
114 233
114 252
114 261
114 274
114 279
114 292
114 296
115 152
115 188
115 197
115 198
115 204
115 208
115 220
115 233
115 238
115 245
115 250
115 252
115 261
115 266
115 275
115 276
115 278
115 283
115 299
116 121
116 125
116 136
116 141
116 147
116 157
116 167
116 183
116 187
116 193
116 202
116 207
116 218
116 226
116 230
116 240
116 245
116 250
116 256
116 266
116 269
116 271
116 284
117 125
117 160
117 170
117 180
117 186
117 189
117 190
117 191
117 196
117 201
117 217
117 220
117 224
117 229
117 240
117 241
117 252
117 259
117 270
117 289
117 294
117 299
118 135
118 136
118 173
118 181
118 184
118 187
118 195
118 199
118 208
118 212
118 225
118 237
118 238
118 243
118 257
118 264
118 268
118 270
118 272
118 295
119 130
119 147
119 172
119 174
119 201
119 205
119 207
119 226
119 241
119 262
119 269
119 280
119 282
119 284
120 135
120 138
120 139
120 159
120 166
120 167
120 187
120 197
120 200
120 202
120 203
120 206
120 218
120 229
120 250
120 265
120 278
121 123
121 127
121 131
121 133
121 168
121 170
121 172
121 180
121 204
121 205
121 207
121 209
121 214
121 218
121 243
121 253
121 255
121 268
121 272
121 277
121 282
121 284
121 293
121 294
122 133
122 136
122 149
122 176
122 179
122 182
122 185
122 191
122 234
122 236
122 242
122 250
122 253
122 260
122 264
122 267
122 278
122 283
122 296
123 124
123 136
123 143
123 161
123 171
123 173
123 177
123 197
123 201
123 224
123 247
123 251
123 252
123 257
123 258
123 282
123 291
123 297
124 127
124 137
124 150
124 155
124 165
124 187
124 192
124 201
124 229
124 238
124 242
124 247
124 257
124 259
124 261
124 265
124 275
124 279
124 285
124 299
125 126
125 134
125 140
125 147
125 154
125 156
125 187
125 188
125 189
125 211
125 215
125 241
125 246
125 250
125 277
125 294
125 298
126 129
126 131
126 132
126 136
126 140
126 144
126 152
126 153
126 160
126 174
126 191
126 196
126 217
126 258
126 264
126 274
126 285
127 140
127 141
127 149
127 177
127 179
127 189
127 198
127 225
127 237
127 245
127 254
127 256
127 261
127 275
127 277
127 283
127 284
127 287
127 293
128 133
128 143
128 147
128 182
128 217
128 238
128 252
128 263
128 273
128 282
128 287
128 290
128 293
128 297
129 131
129 132
129 139
129 140
129 141
129 142
129 146
129 149
129 151
129 163
129 194
129 210
129 215
129 229
129 244
129 246
129 270
129 272
129 274
129 281
129 292
129 295
129 299
130 131
130 139
130 152
130 169
130 174
130 188
130 191
130 211
130 233
130 247
130 260
130 296
131 142
131 144
131 150
131 169
131 203
131 211
131 213
131 228
131 255
131 263
131 267
131 272
131 286
131 296
132 140
132 163
132 169
132 199
132 203
132 204
132 205
132 225
132 230
132 231
132 234
132 249
132 250
132 254
132 270
132 273
132 285
132 293
133 140
133 151
133 163
133 165
133 168
133 172
133 182
133 200
133 202
133 204
133 205
133 214
133 232
133 237
133 238
133 244
133 248
133 249
133 258
133 277
133 287
133 288
134 145
134 177
134 196
134 199
134 212
134 216
134 240
134 244
134 273
134 276
134 277
134 278
134 288
134 299
135 145
135 147
135 160
135 178
135 207
135 213
135 231
135 241
135 245
135 251
135 252
135 253
135 261
135 280
136 146
136 152
136 154
136 155
136 169
136 177
136 179
136 198
136 199
136 222
136 224
136 236
136 245
136 257
136 258
136 260
136 267
136 273
136 275
136 277
136 298
137 145
137 148
137 159
137 168
137 184
137 187
137 208
137 224
137 232
137 234
137 258
137 272
137 280
137 286
137 288
138 148
138 172
138 176
138 178
138 188
138 189
138 201
138 204
138 216
138 220
138 233
138 236
138 238
138 240
138 241
138 251
138 254
138 259
138 262
138 272
138 297
138 298
139 143
139 146
139 150
139 159
139 167
139 176
139 202
139 220
139 244
139 276
139 284
139 289
139 297
140 148
140 156
140 164
140 170
140 203
140 218
140 226
140 234
140 235
140 267
140 272
140 276
140 283
141 169
141 173
141 182
141 188
141 198
141 201
141 213
141 220
141 227
141 240
141 249
141 274
141 293
142 150
142 155
142 159
142 224
142 233
142 249
142 276
142 284
142 291
142 293
143 145
143 147
143 148
143 158
143 177
143 201
143 220
143 222
143 226
143 246
143 247
143 250
143 266
143 273
143 287
143 288
143 289
143 291
144 154
144 161
144 162
144 171
144 196
144 198
144 220
144 229
144 254
144 261
144 290
144 294
145 155
145 157
145 161
145 162
145 169
145 174
145 181
145 186
145 199
145 204
145 240
145 246
145 249
145 272
145 298
146 149
146 157
146 174
146 185
146 196
146 200
146 201
146 215
146 216
146 218
146 229
146 244
146 279
146 288
146 294
146 298
147 157
147 161
147 170
147 171
147 174
147 183
147 195
147 209
147 236
147 242
147 251
147 265
147 266
147 280
147 283
147 290
147 292
147 293
147 299
148 158
148 159
148 162
148 169
148 190
148 192
148 194
148 201
148 205
148 214
148 216
148 218
148 225
148 228
148 229
148 260
148 269
148 297
149 160
149 190
149 195
149 198
149 206
149 212
149 220
149 227
149 241
149 247
149 253
149 256
149 259
149 261
149 262
149 268
149 270
149 274
149 276
149 282
149 288
149 290
149 291
150 155
150 166
150 170
150 173
150 179
150 210
150 230
150 241
150 248
150 260
150 276
150 280
150 296
151 161
151 189
151 199
151 213
151 220
151 239
151 243
151 250
151 257
151 261
151 266
151 268
151 284
151 298
151 299
152 160
152 177
152 181
152 205
152 211
152 219
152 235
152 247
152 254
152 267
152 268
152 278
152 281
152 285
152 286
153 167
153 173
153 183
153 206
153 209
153 211
153 214
153 223
153 224
153 231
153 235
153 275
153 282
153 289
153 292
154 160
154 161
154 168
154 193
154 195
154 218
154 238
154 239
154 241
154 246
154 247
154 261
154 268
154 277
154 287
154 289
154 294
155 157
155 158
155 160
155 172
155 174
155 176
155 181
155 186
155 187
155 188
155 200
155 237
155 239
155 246
155 247
155 262
155 263
155 268
155 289
155 292
155 293
156 169
156 171
156 183
156 184
156 209
156 211
156 220
156 237
156 252
156 260
156 270
156 274
156 275
156 281
156 289
156 290
157 159
157 177
157 184
157 185
157 211
157 216
157 233
157 238
157 246
157 248
157 255
157 260
157 261
157 286
157 294
158 161
158 163
158 174
158 176
158 179
158 191
158 204
158 216
158 231
158 238
158 244
158 245
158 251
158 258
158 260
158 277
158 280
159 170
159 179
159 188
159 198
159 203
159 211
159 213
159 214
159 225
159 232
159 248
159 254
159 271
159 292
160 163
160 164
160 171
160 179
160 181
160 240
160 249
160 250
160 257
160 263
160 264
160 266
160 278
160 281
160 291
160 297
161 165
161 175
161 183
161 201
161 206
161 209
161 211
161 214
161 216
161 218
161 220
161 239
161 253
161 274
161 279
161 282
161 290
161 295
162 179
162 181
162 183
162 187
162 196
162 199
162 201
162 224
162 235
162 255
162 259
162 263
162 264
162 265
162 276
162 280
162 286
162 289
162 294
163 165
163 174
163 179
163 182
163 186
163 205
163 218
163 230
163 233
163 239
163 240
163 244
163 245
163 253
163 257
163 261
163 270
163 279
163 289
163 299
164 170
164 224
164 229
164 239
164 240
164 255
164 258
164 260
165 167
165 168
165 170
165 174
165 179
165 191
165 213
165 233
165 238
165 264
165 284
165 285
166 175
166 195
166 196
166 213
166 217
166 225
166 228
166 229
166 264
166 279
166 280
166 295
167 171
167 175
167 180
167 189
167 211
167 236
167 239
167 258
167 280
167 293
168 212
168 216
168 235
168 243
168 248
168 278
169 178
169 185
169 186
169 192
169 200
169 216
169 217
169 299
170 173
170 174
170 198
170 199
170 218
170 227
170 229
170 231
170 244
170 247
170 255
170 261
170 274
170 275
170 278
170 279
170 283
170 289
170 291
171 172
171 173
171 185
171 216
171 239
171 262
171 266
172 181
172 183
172 192
172 196
172 197
172 217
172 232
172 235
172 255
172 289
173 178
173 185
173 201
173 208
173 220
173 240
173 245
173 248
173 250
173 255
173 259
173 265
173 272
173 273
173 275
173 281
173 284
173 285
173 291
174 225
174 233
174 242
174 252
174 258
174 264
174 269
174 294
175 176
175 183
175 185
175 186
175 196
175 205
175 217
175 218
175 236
175 256
175 261
175 272
175 289
175 290
175 297
176 185
176 207
176 211
176 219
176 229
176 232
176 238
176 240
176 249
176 269
176 297
177 191
177 202
177 255
177 260
177 263
177 272
177 295
177 297
177 299
178 194
178 209
178 227
178 229
178 245
178 248
178 267
178 273
178 278
178 282
178 288
178 289
178 295
179 186
179 201
179 218
179 221
179 224
179 226
179 229
179 235
179 240
179 241
179 244
179 275
179 288
179 290
179 294
180 193
180 207
180 230
180 238
180 251
180 258
180 284
180 286
180 291
180 298
181 215
181 223
181 225
181 235
181 257
181 258
181 261
181 267
181 269
181 275
181 283
182 193
182 200
182 224
182 233
182 252
182 267
182 272
182 276
182 278
182 284
182 287
182 288
182 291
183 197
183 205
183 209
183 217
183 218
183 222
183 238
183 250
183 260
183 266
183 279
183 294
184 185
184 191
184 196
184 209
184 212
184 226
184 243
184 244
184 259
184 261
185 195
185 204
185 229
185 246
185 247
185 264
185 266
185 280
185 281
185 283
185 298
186 193
186 216
186 218
186 224
186 261
186 262
186 277
186 281
186 293
187 222
187 227
187 228
187 229
187 247
187 268
188 191
188 193
188 204
188 205
188 211
188 213
188 244
188 252
188 253
188 256
188 286
188 287
188 292
189 191
189 197
189 199
189 202
189 210
189 213
189 221
189 226
189 228
189 249
189 278
189 291
190 213
190 227
190 239
190 251
190 260
190 269
190 283
190 285
190 289
191 196
191 197
191 198
191 199
191 205
191 211
191 212
191 213
191 232
191 241
191 252
191 262
191 266
191 272
191 280
191 281
191 288
192 194
192 196
192 203
192 204
192 208
192 211
192 222
192 224
192 246
192 249
192 276
192 278
192 297
193 195
193 196
193 208
193 214
193 219
193 222
193 225
193 239
193 241
193 243
193 251
193 267
193 282
193 292
193 293
193 298
194 198
194 199
194 209
194 217
194 225
194 249
194 257
194 260
195 197
195 198
195 205
195 222
195 244
195 246
195 274
195 282
195 283
195 291
196 205
196 209
196 251
196 252
196 256
196 267
196 279
196 287
196 299
197 199
197 204
197 207
197 229
197 282
197 283
197 285
197 295
198 229
198 256
198 282
198 295
198 296
199 212
199 215
199 229
200 216
200 225
200 230
200 233
200 245
200 250
200 258
200 265
200 268
200 274
200 278
200 282
200 285
200 295
201 204
201 221
201 273
201 282
201 283
202 203
202 205
202 226
202 239
202 240
202 244
202 245
202 258
202 260
202 264
202 280
203 217
203 221
203 228
203 240
203 247
203 253
203 256
203 261
203 286
203 293
204 205
204 227
204 244
204 245
204 252
204 271
204 272
204 283
205 211
205 215
205 250
205 253
205 256
205 264
205 289
206 222
206 239
206 251
206 264
206 270
206 294
206 297
206 298
207 209
207 219
207 243
207 245
207 247
207 248
207 257
207 270
207 271
207 280
207 292
207 295
208 210
208 216
208 217
208 228
208 238
208 265
208 274
208 275
208 279
208 289
208 291
208 292
209 213
209 220
209 253
209 260
209 290
209 291
209 292
210 221
210 226
210 237
210 263
210 266
210 285
211 219
211 224
211 231
211 234
211 242
211 246
211 255
211 276
212 222
212 233
212 236
212 238
212 248
212 251
212 255
212 263
212 284
212 292
213 220
213 224
213 244
213 246
213 261
213 265
213 275
213 286
213 293
213 299
214 222
214 246
214 253
214 267
214 278
214 297
215 223
215 236
215 238
215 247
215 256
215 257
215 267
215 272
215 284
215 291
215 294
215 298
216 224
216 233
216 258
216 279
216 295
217 236
217 248
217 258
217 261
217 269
217 292
218 222
218 237
218 245
218 285
218 288
218 289
218 290
219 232
219 234
219 263
219 287
219 298
220 228
220 233
220 248
220 261
220 277
220 295
221 243
221 269
221 272
221 278
221 284
221 288
221 290
221 295
222 234
222 247
222 270
222 281
222 289
223 224
223 226
223 228
223 251
223 263
223 276
223 278
223 279
224 235
224 238
224 246
224 259
224 274
224 282
224 286
225 233
225 258
225 285
225 286
225 295
226 232
226 247
226 261
226 265
226 273
226 282
226 284
226 285
226 292
226 294
226 296
227 238
227 240
227 290
228 239
228 241
228 259
228 271
228 275
228 284
228 293
229 247
229 264
229 280
229 284
230 240
230 251
230 253
230 261
230 281
230 284
231 245
231 247
231 261
231 290
231 296
232 238
232 250
232 260
232 266
232 277
232 278
232 281
232 295
233 240
233 244
233 245
233 246
233 251
233 272
234 236
234 247
234 282
234 289
234 291
234 296
235 243
235 250
235 260
235 283
235 285
235 290
236 252
236 264
236 276
236 290
237 238
237 243
237 245
237 249
237 265
238 244
238 267
238 273
238 282
238 284
238 285
238 290
238 291
239 240
239 242
239 246
239 251
239 257
239 259
239 285
239 287
239 290
239 292
239 299
240 244
240 268
240 284
240 299
241 256
241 257
241 266
241 267
241 272
241 281
241 283
241 290
242 248
242 252
242 258
242 271
242 288
243 246
243 255
243 262
243 275
243 276
243 296
244 253
244 280
244 287
244 288
244 291
245 254
245 255
245 271
245 288
246 256
246 271
246 296
247 252
247 260
247 280
247 290
247 291
248 249
248 255
248 256
248 296
249 250
249 252
249 263
249 291
249 292
249 294
250 255
250 290
250 296
251 269
251 281
251 282
251 294
252 255
252 276
252 277
252 289
252 295
252 299
253 256
253 260
253 277
253 278
253 283
254 263
254 276
254 279
254 283
254 289
254 292
255 256
255 269
255 273
255 286
255 294
256 263
256 290
257 258
257 269
257 279
257 283
257 294
257 296
258 268
258 296
258 299
259 275
259 277
259 287
259 294
259 299
260 264
260 265
260 287
261 263
261 282
261 283
262 271
262 273
262 284
262 288
263 267
263 284
264 265
264 277
264 283
264 294
264 297
265 271
265 272
265 291
265 292
265 293
266 274
266 283
266 284
267 289
268 282
268 293
268 295
268 298
269 278
269 279
269 295
270 288
270 289
270 291
270 295
271 276
271 283
271 286
271 290
271 296
272 274
272 286
272 298
273 278
274 275
274 279
274 283
275 277
275 278
275 280
275 281
275 284
275 298
276 295
277 293
277 298
279 285
279 287
279 291
279 293
280 283
280 299
281 287
281 292
283 295
283 297
283 299
284 292
286 290
287 298
288 291
290 292
292 297
294 299
