0 2
0 14
0 16
0 24
0 36
0 38
0 51
0 59
0 62
0 67
0 80
0 87
0 92
0 101
0 110
0 119
0 121
0 125
0 147
0 148
0 149
0 159
0 168
0 172
0 178
0 180
0 189
0 211
0 222
0 227
0 262
0 269
0 274
0 289
0 311
0 325
0 328
0 330
0 341
0 343
0 344
0 377
0 389
0 394
0 396
1 22
1 30
1 34
1 44
1 53
1 72
1 76
1 82
1 88
1 92
1 109
1 113
1 114
1 117
1 124
1 130
1 164
1 165
1 181
1 190
1 191
1 197
1 200
1 231
1 253
1 268
1 269
1 283
1 284
1 294
1 295
1 307
1 322
1 327
1 331
1 332
1 334
1 343
1 347
1 355
1 360
1 363
1 372
1 378
1 382
1 386
1 394
2 3
2 11
2 14
2 20
2 29
2 36
2 41
2 42
2 47
2 75
2 80
2 95
2 97
2 104
2 124
2 145
2 146
2 173
2 198
2 204
2 206
2 262
2 266
2 281
2 292
2 304
2 321
2 338
2 340
2 358
2 360
2 363
2 381
2 388
3 15
3 16
3 18
3 38
3 81
3 82
3 85
3 86
3 102
3 106
3 116
3 120
3 123
3 126
3 129
3 166
3 182
3 189
3 190
3 192
3 209
3 216
3 225
3 228
3 231
3 238
3 253
3 263
3 280
3 302
3 303
3 304
3 333
3 335
3 341
3 347
3 350
3 352
3 370
3 375
3 379
3 383
3 385
3 395
3 398
4 13
4 21
4 24
4 42
4 60
4 66
4 86
4 88
4 109
4 111
4 122
4 128
4 134
4 142
4 150
4 156
4 159
4 174
4 179
4 184
4 195
4 209
4 224
4 243
4 245
4 258
4 259
4 285
4 291
4 304
4 329
4 346
4 348
4 387
4 389
4 394
4 399
5 6
5 15
5 17
5 57
5 84
5 90
5 93
5 94
5 123
5 125
5 135
5 156
5 157
5 161
5 183
5 190
5 212
5 219
5 226
5 239
5 240
5 246
5 255
5 259
5 283
5 287
5 292
5 296
5 299
5 308
5 339
6 7
6 17
6 24
6 42
6 46
6 59
6 64
6 80
6 87
6 101
6 102
6 131
6 138
6 144
6 150
6 153
6 154
6 170
6 183
6 191
6 195
6 201
6 204
6 214
6 221
6 229
6 242
6 265
6 270
6 273
6 276
6 285
6 290
6 299
6 311
6 312
6 316
6 322
6 334
6 338
6 355
6 380
6 392
6 393
7 14
7 18
7 20
7 34
7 52
7 60
7 63
7 69
7 79
7 83
7 86
7 100
7 103
7 108
7 122
7 128
7 132
7 133
7 134
7 139
7 140
7 143
7 184
7 208
7 232
7 235
7 239
7 249
7 263
7 281
7 291
7 302
7 311
7 353
7 379
7 391
7 394
8 20
8 33
8 45
8 59
8 60
8 68
8 74
8 83
8 85
8 86
8 111
8 119
8 135
8 142
8 144
8 156
8 160
8 168
8 173
8 174
8 181
8 187
8 224
8 242
8 243
8 264
8 267
8 292
8 311
8 313
8 327
8 333
8 336
8 355
8 365
8 370
8 372
8 375
9 14
9 21
9 51
9 70
9 83
9 85
9 92
9 94
9 96
9 98
9 120
9 138
9 179
9 191
9 194
9 195
9 197
9 198
9 202
9 220
9 221
9 230
9 231
9 233
9 235
9 245
9 257
9 267
9 270
9 275
9 277
9 282
9 286
9 287
9 290
9 306
9 307
9 314
9 315
9 331
9 334
9 343
9 372
9 389
10 44
10 46
10 55
10 64
10 65
10 82
10 86
10 100
10 114
10 126
10 129
10 138
10 157
10 164
10 182
10 189
10 208
10 219
10 239
10 241
10 243
10 248
10 255
10 269
10 271
10 282
10 292
10 298
10 302
10 306
10 322
10 323
10 338
10 343
10 363
10 367
10 373
10 377
10 378
10 388
10 396
11 17
11 20
11 22
11 46
11 50
11 60
11 61
11 71
11 78
11 79
11 80
11 91
11 95
11 102
11 117
11 124
11 146
11 202
11 219
11 232
11 248
11 266
11 267
11 288
11 294
11 306
11 313
11 315
11 319
11 361
11 371
11 375
11 390
12 27
12 59
12 67
12 106
12 115
12 127
12 129
12 130
12 132
12 138
12 151
12 155
12 196
12 221
12 224
12 225
12 231
12 256
12 260
12 304
12 332
12 345
12 366
12 376
12 399
13 14
13 16
13 23
13 34
13 45
13 48
13 51
13 53
13 67
13 73
13 75
13 79
13 83
13 90
13 154
13 161
13 182
13 185
13 194
13 196
13 215
13 216
13 224
13 226
13 243
13 249
13 255
13 258
13 268
13 293
13 308
13 311
13 322
13 328
13 344
13 358
13 368
13 371
13 373
13 382
13 383
13 398
14 15
14 31
14 35
14 39
14 51
14 59
14 60
14 65
14 66
14 78
14 86
14 95
14 97
14 103
14 109
14 115
14 126
14 132
14 153
14 160
14 166
14 184
14 189
14 207
14 221
14 238
14 261
14 264
14 291
14 310
14 313
14 320
14 326
14 327
14 338
14 388
14 393
15 18
15 27
15 28
15 36
15 42
15 48
15 58
15 76
15 80
15 83
15 102
15 103
15 104
15 115
15 137
15 157
15 173
15 183
15 188
15 202
15 213
15 214
15 225
15 229
15 231
15 240
15 244
15 258
15 268
15 270
15 299
15 309
15 310
15 315
15 317
15 318
15 328
15 331
15 335
15 337
15 351
15 372
15 375
15 378
15 395
16 18
16 26
16 28
16 37
16 41
16 69
16 84
16 93
16 97
16 106
16 130
16 146
16 152
16 159
16 174
16 186
16 200
16 203
16 214
16 218
16 224
16 225
16 229
16 256
16 265
16 274
16 296
16 297
16 300
16 305
16 326
16 327
16 337
16 344
16 351
16 356
16 381
16 382
16 388
16 390
16 393
16 399
17 25
17 28
17 43
17 54
17 55
17 64
17 68
17 78
17 79
17 83
17 94
17 98
17 112
17 116
17 120
17 126
17 129
17 155
17 156
17 160
17 195
17 210
17 216
17 217
17 239
17 244
17 270
17 275
17 291
17 303
17 304
17 330
17 332
17 362
17 371
18 41
18 50
18 54
18 63
18 65
18 73
18 87
18 89
18 104
18 122
18 126
18 136
18 141
18 164
18 171
18 187
18 190
18 191
18 199
18 200
18 206
18 228
18 230
18 232
18 249
18 269
18 272
18 274
18 279
18 281
18 301
18 312
18 327
18 333
18 342
18 356
18 367
18 371
18 390
19 40
19 46
19 47
19 50
19 52
19 58
19 70
19 73
19 76
19 89
19 157
19 165
19 166
19 172
19 178
19 198
19 202
19 203
19 209
19 221
19 225
19 239
19 240
19 244
19 247
19 249
19 259
19 272
19 273
19 274
19 309
19 320
19 331
19 348
19 349
19 376
19 385
20 29
20 38
20 52
20 59
20 67
20 79
20 88
20 91
20 92
20 94
20 99
20 116
20 119
20 149
20 174
20 175
20 200
20 222
20 236
20 241
20 242
20 243
20 246
20 249
20 251
20 255
20 261
20 274
20 282
20 287
20 293
20 296
20 317
20 318
20 324
20 334
20 345
20 349
20 366
20 374
20 393
20 396
20 398
21 27
21 32
21 39
21 45
21 53
21 69
21 72
21 80
21 90
21 113
21 117
21 143
21 158
21 168
21 180
21 185
21 186
21 196
21 198
21 199
21 200
21 204
21 208
21 213
21 219
21 225
21 244
21 250
21 273
21 284
21 287
21 290
21 305
21 316
21 317
21 321
21 327
21 328
21 333
21 342
21 344
21 350
21 357
21 361
21 372
21 386
21 389
21 399
22 28
22 37
22 38
22 39
22 65
22 77
22 93
22 94
22 98
22 106
22 115
22 117
22 121
22 123
22 129
22 151
22 157
22 159
22 162
22 180
22 191
22 196
22 205
22 207
22 219
22 220
22 221
22 234
22 241
22 275
22 277
22 279
22 281
22 299
22 300
22 301
22 308
22 324
22 326
22 335
22 373
22 383
22 390
23 24
23 25
23 52
23 58
23 66
23 71
23 73
23 74
23 100
23 103
23 115
23 129
23 134
23 150
23 153
23 163
23 170
23 182
23 186
23 202
23 208
23 228
23 229
23 237
23 238
23 241
23 253
23 264
23 269
23 282
23 298
23 321
23 340
23 348
23 355
23 363
23 365
23 368
23 374
23 379
23 380
23 385
23 393
23 396
23 397
24 32
24 33
24 35
24 38
24 41
24 50
24 59
24 61
24 73
24 74
24 84
24 91
24 93
24 97
24 123
24 125
24 128
24 140
24 145
24 147
24 159
24 167
24 172
24 205
24 214
24 225
24 231
24 234
24 242
24 247
24 251
24 275
24 279
24 280
24 282
24 291
24 296
24 321
24 322
24 339
24 384
24 388
24 397
25 27
25 90
25 113
25 115
25 117
25 120
25 142
25 143
25 150
25 152
25 171
25 177
25 181
25 197
25 201
25 215
25 235
25 238
25 247
25 249
25 254
25 277
25 281
25 284
25 289
25 305
25 343
25 353
25 368
25 379
25 390
26 34
26 40
26 45
26 60
26 78
26 101
26 122
26 124
26 142
26 157
26 169
26 182
26 203
26 208
26 212
26 219
26 238
26 248
26 293
26 331
26 350
26 356
26 371
26 373
26 381
26 387
26 397
27 50
27 58
27 62
27 69
27 74
27 89
27 108
27 112
27 124
27 140
27 142
27 149
27 152
27 155
27 202
27 211
27 227
27 233
27 235
27 236
27 240
27 262
27 278
27 285
27 294
27 295
27 305
27 313
27 329
27 339
27 340
27 343
27 346
27 352
27 361
27 390
27 395
28 30
28 35
28 36
28 41
28 43
28 45
28 48
28 55
28 58
28 59
28 62
28 66
28 74
28 79
28 105
28 118
28 119
28 131
28 135
28 140
28 148
28 157
28 160
28 174
28 182
28 195
28 200
28 222
28 225
28 232
28 270
28 275
28 277
28 288
28 298
28 312
28 328
28 364
28 373
28 378
29 36
29 50
29 70
29 108
29 123
29 127
29 138
29 140
29 145
29 158
29 183
29 191
29 211
29 214
29 243
29 253
29 261
29 263
29 268
29 278
29 291
29 297
29 316
29 317
29 341
29 342
29 345
29 351
29 361
29 372
29 392
29 399
30 31
30 41
30 45
30 56
30 124
30 131
30 137
30 162
30 167
30 175
30 176
30 195
30 199
30 204
30 217
30 218
30 253
30 257
30 263
30 274
30 280
30 283
30 291
30 300
30 311
30 319
30 347
30 357
30 360
30 363
30 365
30 385
30 386
31 33
31 38
31 42
31 43
31 65
31 69
31 75
31 77
31 84
31 91
31 133
31 135
31 140
31 143
31 159
31 172
31 174
31 179
31 190
31 209
31 218
31 219
31 223
31 229
31 241
31 251
31 256
31 281
31 282
31 289
31 297
31 308
31 310
31 315
31 324
31 336
31 338
31 373
31 378
31 393
31 396
32 34
32 37
32 44
32 49
32 50
32 55
32 71
32 73
32 85
32 95
32 106
32 133
32 136
32 137
32 156
32 173
32 192
32 194
32 216
32 228
32 237
32 254
32 287
32 289
32 309
32 316
32 324
32 362
32 366
32 388
32 399
33 61
33 64
33 76
33 83
33 84
33 119
33 123
33 124
33 149
33 150
33 157
33 175
33 191
33 195
33 202
33 205
33 208
33 211
33 217
33 234
33 236
33 239
33 252
33 265
33 269
33 273
33 281
33 285
33 290
33 304
33 307
33 308
33 313
33 320
33 336
33 337
33 340
33 369
33 373
33 387
34 36
34 51
34 60
34 77
34 81
34 82
34 88
34 94
34 99
34 100
34 102
34 106
34 107
34 112
34 119
34 143
34 150
34 156
34 160
34 164
34 167
34 169
34 194
34 199
34 200
34 210
34 213
34 220
34 254
34 268
34 271
34 284
34 293
34 310
34 311
34 321
34 325
34 330
34 363
34 366
34 369
34 376
34 388
34 390
35 37
35 54
35 63
35 69
35 75
35 95
35 97
35 100
35 126
35 134
35 142
35 143
35 146
35 150
35 151
35 166
35 178
35 183
35 199
35 204
35 216
35 221
35 232
35 233
35 238
35 242
35 260
35 262
35 266
35 271
35 283
35 307
35 310
35 316
35 323
35 336
35 340
35 344
35 348
35 350
35 377
35 382
35 398
36 39
36 48
36 51
36 57
36 63
36 65
36 82
36 88
36 98
36 101
36 109
36 118
36 123
36 153
36 159
36 167
36 223
36 235
36 256
36 267
36 271
36 281
36 315
36 323
36 332
36 333
36 343
36 352
36 356
36 358
36 370
36 394
37 54
37 69
37 70
37 80
37 82
37 88
37 90
37 94
37 99
37 118
37 124
37 129
37 131
37 132
37 141
37 149
37 152
37 154
37 158
37 168
37 171
37 178
37 196
37 212
37 237
37 253
37 285
37 293
37 296
37 301
37 305
37 307
37 308
37 310
37 313
37 330
37 354
37 372
37 380
37 388
38 52
38 57
38 61
38 71
38 72
38 97
38 114
38 117
38 122
38 129
38 137
38 154
38 187
38 202
38 223
38 228
38 231
38 244
38 253
38 275
38 326
38 330
38 335
38 338
38 353
38 362
38 365
38 376
38 378
38 392
38 393
38 395
39 45
39 60
39 66
39 74
39 90
39 96
39 151
39 152
39 157
39 172
39 174
39 189
39 192
39 197
39 208
39 209
39 215
39 217
39 223
39 226
39 228
39 229
39 250
39 257
39 262
39 270
39 271
39 274
39 279
39 292
39 295
39 299
39 303
39 322
39 324
39 330
39 339
39 341
39 345
39 354
39 364
39 365
40 51
40 55
40 69
40 76
40 80
40 101
40 111
40 119
40 138
40 151
40 203
40 212
40 225
40 251
40 260
40 268
40 272
40 275
40 280
40 285
40 292
40 301
40 304
40 311
40 313
40 321
40 340
40 344
40 346
40 347
40 384
41 43
41 54
41 55
41 57
41 75
41 88
41 91
41 98
41 107
41 119
41 127
41 139
41 147
41 149
41 156
41 159
41 172
41 176
41 185
41 189
41 190
41 192
41 197
41 198
41 201
41 203
41 204
41 211
41 225
41 230
41 237
41 264
41 270
41 291
41 292
41 299
41 303
41 312
41 320
41 339
41 344
41 362
41 369
41 377
41 388
41 398
42 45
42 51
42 66
42 72
42 75
42 79
42 95
42 100
42 102
42 106
42 110
42 121
42 127
42 131
42 139
42 142
42 149
42 151
42 153
42 156
42 161
42 164
42 166
42 189
42 201
42 203
42 212
42 221
42 223
42 226
42 252
42 258
42 263
42 268
42 274
42 275
42 284
42 314
42 325
42 328
42 330
42 341
42 353
42 365
42 377
42 381
42 389
43 59
43 97
43 120
43 145
43 154
43 160
43 166
43 180
43 202
43 210
43 215
43 218
43 223
43 227
43 231
43 236
43 246
43 250
43 262
43 265
43 267
43 268
43 279
43 292
43 298
43 303
43 332
43 343
43 347
43 368
43 372
43 377
43 399
44 52
44 79
44 83
44 90
44 93
44 96
44 98
44 115
44 116
44 118
44 145
44 156
44 188
44 191
44 204
44 206
44 241
44 255
44 257
44 275
44 287
44 288
44 297
44 303
44 316
44 317
44 326
44 332
44 348
44 353
44 354
44 360
44 362
44 379
45 64
45 91
45 96
45 105
45 121
45 123
45 132
45 136
45 159
45 173
45 180
45 184
45 188
45 196
45 200
45 206
45 241
45 269
45 279
45 290
45 305
45 307
45 318
45 319
45 334
45 336
45 356
45 362
45 367
45 375
45 377
45 380
45 387
46 65
46 76
46 82
46 100
46 120
46 122
46 129
46 136
46 141
46 145
46 146
46 148
46 156
46 160
46 164
46 184
46 189
46 191
46 192
46 195
46 196
46 201
46 229
46 236
46 243
46 244
46 257
46 271
46 276
46 285
46 320
46 321
46 335
46 358
46 364
46 369
46 372
46 390
46 398
47 51
47 55
47 64
47 85
47 93
47 99
47 125
47 128
47 144
47 145
47 147
47 151
47 175
47 178
47 183
47 188
47 199
47 202
47 204
47 207
47 211
47 225
47 229
47 244
47 247
47 252
47 256
47 271
47 276
47 283
47 284
47 292
47 294
47 297
47 306
47 308
47 326
47 335
47 337
47 346
47 372
47 377
48 52
48 61
48 81
48 96
48 97
48 99
48 103
48 111
48 120
48 121
48 127
48 128
48 132
48 136
48 140
48 184
48 191
48 198
48 223
48 224
48 236
48 254
48 265
48 292
48 305
48 361
48 362
48 371
48 373
48 377
48 391
48 393
48 395
48 399
49 56
49 63
49 108
49 110
49 126
49 128
49 135
49 140
49 143
49 148
49 152
49 164
49 173
49 180
49 182
49 208
49 211
49 221
49 233
49 236
49 243
49 250
49 251
49 262
49 264
49 285
49 304
49 316
49 317
49 335
49 337
49 339
49 357
49 363
49 389
49 396
49 399
50 52
50 53
50 57
50 64
50 66
50 88
50 98
50 100
50 118
50 121
50 125
50 135
50 159
50 161
50 174
50 178
50 193
50 204
50 223
50 224
50 228
50 231
50 241
50 245
50 257
50 273
50 285
50 289
50 303
50 312
50 317
50 319
50 327
50 335
50 358
50 359
50 382
50 383
50 386
50 396
51 75
51 90
51 109
51 130
51 148
51 169
51 174
51 176
51 180
51 189
51 196
51 206
51 211
51 229
51 248
51 251
51 252
51 274
51 280
51 289
51 290
51 313
51 318
51 320
51 329
51 338
51 341
51 343
51 374
51 378
51 399
52 58
52 59
52 67
52 69
52 71
52 72
52 98
52 114
52 117
52 132
52 145
52 154
52 158
52 162
52 178
52 188
52 196
52 255
52 265
52 275
52 309
52 320
52 349
52 353
52 354
52 361
52 366
53 67
53 71
53 81
53 86
53 91
53 97
53 107
53 117
53 118
53 120
53 134
53 140
53 149
53 173
53 177
53 185
53 197
53 201
53 203
53 207
53 215
53 218
53 224
53 230
53 234
53 252
53 266
53 288
53 293
53 295
53 316
53 328
53 331
53 355
53 358
53 381
53 384
53 392
54 60
54 62
54 107
54 146
54 155
54 171
54 175
54 200
54 202
54 208
54 223
54 227
54 229
54 236
54 240
54 241
54 261
54 268
54 270
54 280
54 298
54 313
54 316
54 335
54 342
54 356
54 377
54 383
54 385
55 65
55 88
55 89
55 93
55 98
55 104
55 109
55 110
55 162
55 180
55 193
55 208
55 226
55 248
55 250
55 259
55 262
55 269
55 277
55 285
55 292
55 296
55 318
55 337
55 343
55 352
55 353
55 366
55 395
56 61
56 66
56 87
56 91
56 103
56 105
56 109
56 112
56 115
56 138
56 139
56 143
56 150
56 151
56 160
56 165
56 167
56 168
56 174
56 176
56 185
56 186
56 187
56 192
56 197
56 213
56 216
56 228
56 260
56 273
56 276
56 281
56 292
56 296
56 305
56 310
56 343
56 344
56 345
56 347
56 357
56 365
56 373
56 378
56 387
57 62
57 67
57 76
57 81
57 83
57 85
57 90
57 109
57 119
57 129
57 150
57 169
57 181
57 186
57 187
57 228
57 242
57 255
57 257
57 260
57 295
57 300
57 305
57 309
57 315
57 324
57 327
57 332
57 344
57 345
57 347
57 350
57 353
57 356
57 358
57 373
57 383
57 391
58 63
58 69
58 78
58 87
58 94
58 106
58 108
58 124
58 128
58 131
58 132
58 133
58 134
58 135
58 148
58 153
58 162
58 183
58 196
58 197
58 202
58 205
58 207
58 225
58 231
58 253
58 255
58 282
58 283
58 300
58 302
58 335
58 341
58 356
58 358
58 368
58 380
58 391
58 395
59 71
59 72
59 76
59 83
59 88
59 92
59 95
59 107
59 111
59 115
59 131
59 144
59 145
59 146
59 166
59 187
59 210
59 217
59 219
59 228
59 234
59 247
59 254
59 265
59 266
59 271
59 282
59 295
59 310
59 320
59 328
59 337
59 347
59 361
59 380
59 392
59 396
60 62
60 79
60 90
60 103
60 111
60 120
60 133
60 144
60 145
60 165
60 200
60 238
60 247
60 252
60 271
60 276
60 282
60 290
60 293
60 299
60 306
60 317
60 318
60 330
60 336
60 337
60 339
60 349
60 372
60 379
60 391
60 393
61 75
61 94
61 96
61 118
61 173
61 188
61 194
61 202
61 205
61 206
61 223
61 229
61 258
61 259
61 270
61 272
61 277
61 304
61 305
61 308
61 314
61 320
61 322
61 325
61 331
61 340
61 345
61 350
61 356
61 364
61 369
61 374
61 381
61 394
61 397
61 398
62 63
62 64
62 68
62 77
62 87
62 89
62 115
62 125
62 130
62 147
62 148
62 152
62 153
62 185
62 197
62 206
62 234
62 238
62 249
62 281
62 285
62 286
62 289
62 291
62 294
62 295
62 297
62 312
62 321
62 330
62 333
62 340
62 356
62 366
62 368
62 382
63 78
63 92
63 93
63 95
63 98
63 100
63 125
63 133
63 136
63 177
63 184
63 190
63 198
63 226
63 238
63 241
63 242
63 259
63 263
63 280
63 306
63 308
63 311
63 326
63 330
63 337
63 357
63 371
63 378
63 381
63 388
64 67
64 70
64 76
64 77
64 84
64 91
64 117
64 130
64 131
64 133
64 162
64 177
64 188
64 194
64 199
64 200
64 205
64 221
64 236
64 249
64 253
64 255
64 256
64 258
64 272
64 274
64 281
64 282
64 285
64 296
64 317
64 322
64 332
64 351
64 356
64 358
64 373
64 382
64 389
64 398
65 69
65 89
65 90
65 96
65 102
65 106
65 108
65 127
65 131
65 149
65 154
65 158
65 178
65 179
65 204
65 210
65 212
65 241
65 258
65 262
65 270
65 281
65 289
65 296
65 304
65 309
65 321
65 322
65 340
65 345
65 381
65 390
66 67
66 71
66 72
66 79
66 87
66 109
66 125
66 130
66 147
66 151
66 161
66 166
66 173
66 193
66 210
66 230
66 231
66 235
66 241
66 243
66 261
66 262
66 268
66 271
66 273
66 313
66 326
66 331
66 346
66 365
66 372
66 375
66 380
67 79
67 95
67 107
67 123
67 124
67 130
67 136
67 142
67 157
67 172
67 180
67 188
67 190
67 195
67 203
67 210
67 215
67 217
67 223
67 234
67 236
67 243
67 247
67 266
67 277
67 282
67 285
67 287
67 289
67 297
67 302
67 314
67 322
67 338
67 344
67 365
67 381
67 389
67 399
68 78
68 80
68 93
68 103
68 109
68 118
68 122
68 123
68 148
68 158
68 162
68 168
68 177
68 180
68 181
68 186
68 193
68 194
68 203
68 204
68 219
68 230
68 241
68 250
68 257
68 264
68 276
68 283
68 286
68 293
68 297
68 302
68 321
68 325
68 329
68 352
68 353
68 359
68 364
68 367
68 386
68 393
69 90
69 92
69 95
69 96
69 98
69 123
69 125
69 160
69 195
69 219
69 244
69 254
69 256
69 273
69 287
69 292
69 315
69 328
69 329
69 332
69 349
69 360
69 373
69 381
69 393
70 71
70 87
70 101
70 106
70 109
70 118
70 123
70 133
70 134
70 137
70 138
70 142
70 157
70 163
70 174
70 177
70 178
70 196
70 202
70 209
70 227
70 241
70 254
70 256
70 280
70 295
70 325
70 331
70 332
70 343
70 383
70 390
71 72
71 74
71 88
71 96
71 97
71 108
71 109
71 114
71 119
71 120
71 134
71 138
71 170
71 175
71 201
71 209
71 236
71 239
71 253
71 257
71 262
71 287
71 311
71 312
71 316
71 319
71 329
71 382
71 388
71 389
72 75
72 78
72 94
72 105
72 114
72 116
72 117
72 119
72 122
72 129
72 139
72 142
72 147
72 149
72 151
72 155
72 156
72 177
72 178
72 194
72 200
72 209
72 213
72 218
72 225
72 226
72 234
72 240
72 242
72 245
72 259
72 261
72 272
72 284
72 292
72 302
72 306
72 330
72 332
72 344
72 357
72 361
72 364
72 394
73 74
73 79
73 85
73 90
73 95
73 106
73 113
73 126
73 136
73 137
73 140
73 149
73 151
73 152
73 161
73 164
73 166
73 193
73 198
73 200
73 212
73 215
73 236
73 252
73 253
73 256
73 271
73 279
73 284
73 286
73 287
73 309
73 318
73 329
73 335
73 337
73 341
73 345
73 346
73 351
73 356
74 80
74 84
74 90
74 104
74 107
74 152
74 159
74 165
74 171
74 178
74 196
74 207
74 259
74 299
74 311
74 317
74 334
74 336
74 342
74 344
74 388
74 399
75 80
75 86
75 91
75 98
75 99
75 105
75 114
75 128
75 129
75 130
75 152
75 153
75 160
75 164
75 187
75 191
75 195
75 208
75 253
75 256
75 261
75 268
75 270
75 274
75 278
75 286
75 304
75 307
75 308
75 318
75 359
75 360
75 361
75 362
75 366
75 387
75 395
76 90
76 109
76 111
76 114
76 115
76 126
76 127
76 132
76 149
76 196
76 199
76 200
76 205
76 229
76 267
76 290
76 304
76 305
76 307
76 312
76 315
76 324
76 326
76 327
76 344
76 346
76 369
76 372
76 386
77 87
77 106
77 117
77 142
77 144
77 146
77 181
77 186
77 195
77 208
77 224
77 226
77 239
77 240
77 259
77 274
77 292
77 316
77 327
77 335
77 348
77 350
77 362
78 92
78 117
78 142
78 146
78 147
78 148
78 168
78 176
78 195
78 197
78 203
78 220
78 232
78 254
78 258
78 262
78 273
78 275
78 294
78 313
78 344
78 345
78 347
78 370
78 378
78 379
78 392
78 399
79 82
79 93
79 104
79 108
79 156
79 167
79 180
79 199
79 200
79 207
79 211
79 219
79 259
79 265
79 269
79 292
79 308
79 309
79 317
79 338
79 341
79 350
79 356
79 359
79 376
79 390
79 391
80 81
80 83
80 85
80 98
80 107
80 112
80 114
80 132
80 134
80 140
80 164
80 165
80 179
80 182
80 190
80 198
80 204
80 216
80 232
80 236
80 237
80 241
80 242
80 243
80 248
80 254
80 258
80 269
80 272
80 276
80 281
80 288
80 300
80 304
80 312
80 321
80 339
80 350
80 356
80 377
80 382
81 89
81 99
81 110
81 130
81 141
81 143
81 171
81 188
81 209
81 216
81 219
81 233
81 237
81 253
81 257
81 262
81 272
81 280
81 293
81 296
81 301
81 303
81 305
81 308
81 351
81 363
81 376
81 382
82 104
82 125
82 142
82 157
82 159
82 161
82 172
82 174
82 176
82 187
82 230
82 238
82 244
82 248
82 254
82 265
82 267
82 273
82 275
82 278
82 294
82 298
82 301
82 302
82 303
82 321
82 323
82 327
82 335
82 336
82 341
82 355
82 357
82 363
82 369
82 383
83 106
83 129
83 130
83 143
83 148
83 161
83 185
83 230
83 233
83 245
83 248
83 257
83 258
83 263
83 299
83 309
83 310
83 312
83 337
83 376
83 378
83 379
83 390
83 391
83 392
83 394
84 105
84 107
84 139
84 149
84 162
84 163
84 164
84 173
84 187
84 192
84 203
84 215
84 232
84 233
84 257
84 265
84 269
84 283
84 299
84 322
84 350
84 354
84 377
84 397
85 86
85 94
85 114
85 129
85 132
85 137
85 144
85 158
85 161
85 164
85 165
85 169
85 171
85 173
85 188
85 219
85 221
85 245
85 253
85 254
85 259
85 265
85 266
85 273
85 281
85 285
85 292
85 301
85 302
85 307
85 324
85 331
85 334
85 371
85 389
86 92
86 106
86 113
86 139
86 161
86 164
86 185
86 193
86 197
86 202
86 218
86 232
86 234
86 237
86 265
86 267
86 274
86 275
86 300
86 308
86 316
86 337
86 357
86 370
86 373
86 390
87 89
87 96
87 97
87 98
87 108
87 112
87 113
87 121
87 130
87 160
87 161
87 182
87 191
87 203
87 214
87 229
87 237
87 240
87 260
87 266
87 270
87 280
87 286
87 290
87 295
87 300
87 329
87 332
87 333
87 339
87 362
87 366
87 370
87 374
87 381
87 383
87 394
87 399
88 90
88 99
88 103
88 110
88 121
88 125
88 126
88 147
88 161
88 165
88 169
88 180
88 184
88 189
88 201
88 207
88 211
88 216
88 219
88 223
88 225
88 263
88 264
88 271
88 273
88 298
88 303
88 306
88 311
88 335
88 365
88 367
88 368
88 369
88 386
89 98
89 105
89 124
89 132
89 137
89 144
89 149
89 155
89 176
89 198
89 209
89 210
89 229
89 238
89 256
89 265
89 273
89 275
89 302
89 313
89 314
89 319
89 328
89 336
89 343
89 355
89 356
90 106
90 110
90 133
90 136
90 147
90 152
90 155
90 157
90 160
90 181
90 193
90 194
90 199
90 224
90 227
90 230
90 235
90 243
90 253
90 286
90 308
90 309
90 333
90 334
90 338
90 355
90 359
90 376
90 380
90 385
90 386
91 118
91 122
91 123
91 128
91 134
91 136
91 139
91 149
91 170
91 177
91 181
91 198
91 206
91 212
91 222
91 228
91 236
91 239
91 244
91 254
91 264
91 267
91 281
91 284
91 295
91 300
91 309
91 335
91 345
91 364
91 365
91 370
91 371
92 93
92 103
92 108
92 112
92 125
92 130
92 132
92 135
92 139
92 141
92 157
92 164
92 168
92 169
92 188
92 199
92 207
92 233
92 247
92 250
92 256
92 257
92 275
92 285
92 296
92 304
92 311
92 346
92 351
92 352
92 364
92 373
92 374
92 385
92 390
92 395
93 101
93 106
93 126
93 133
93 136
93 140
93 146
93 158
93 176
93 185
93 191
93 198
93 234
93 240
93 252
93 279
93 285
93 305
93 327
93 329
93 339
93 346
93 351
93 368
93 374
93 375
93 378
93 382
93 384
93 385
94 101
94 105
94 109
94 120
94 139
94 147
94 155
94 158
94 160
94 166
94 167
94 170
94 179
94 183
94 186
94 218
94 220
94 227
94 244
94 253
94 259
94 261
94 267
94 271
94 275
94 281
94 286
94 298
94 300
94 301
94 304
94 312
94 314
94 341
94 343
94 346
94 364
94 369
94 378
94 380
94 392
95 103
95 122
95 126
95 128
95 142
95 175
95 202
95 203
95 228
95 250
95 256
95 262
95 272
95 292
95 293
95 309
95 323
95 333
95 350
95 361
95 366
95 370
95 372
95 388
96 102
96 109
96 141
96 157
96 158
96 164
96 166
96 198
96 209
96 210
96 215
96 217
96 220
96 223
96 234
96 238
96 242
96 250
96 265
96 272
96 279
96 296
96 356
96 360
96 368
97 98
97 119
97 120
97 127
97 143
97 154
97 168
97 178
97 181
97 183
97 191
97 221
97 236
97 238
97 241
97 245
97 248
97 260
97 272
97 316
97 349
97 350
97 356
97 360
97 364
97 374
97 375
97 381
97 384
98 108
98 109
98 145
98 149
98 169
98 172
98 187
98 207
98 213
98 223
98 228
98 231
98 234
98 237
98 256
98 267
98 284
98 286
98 287
98 293
98 297
98 318
98 324
98 332
98 358
98 371
98 373
98 399
99 115
99 123
99 135
99 141
99 146
99 156
99 166
99 175
99 178
99 185
99 213
99 214
99 215
99 216
99 218
99 222
99 226
99 231
99 234
99 249
99 276
99 284
99 285
99 304
99 309
99 329
99 330
99 342
99 344
99 360
99 366
99 369
99 379
99 380
99 385
100 117
100 118
100 119
100 120
100 127
100 137
100 156
100 160
100 167
100 168
100 170
100 179
100 181
100 193
100 203
100 208
100 214
100 218
100 242
100 249
100 261
100 274
100 299
100 304
100 309
100 311
100 319
100 349
100 362
100 365
100 368
100 380
101 112
101 117
101 118
101 120
101 126
101 139
101 141
101 158
101 160
101 166
101 172
101 217
101 219
101 237
101 238
101 249
101 254
101 259
101 269
101 278
101 282
101 285
101 290
101 296
101 307
101 311
101 313
101 323
101 326
101 329
101 332
101 348
101 352
101 360
101 393
102 105
102 118
102 119
102 120
102 126
102 132
102 146
102 160
102 162
102 170
102 196
102 216
102 219
102 220
102 227
102 240
102 243
102 264
102 271
102 296
102 303
102 321
102 327
102 329
102 342
102 348
102 353
102 366
102 368
102 370
102 374
102 379
102 396
103 110
103 118
103 123
103 124
103 139
103 140
103 144
103 149
103 150
103 154
103 155
103 160
103 169
103 170
103 187
103 201
103 243
103 264
103 271
103 279
103 281
103 293
103 297
103 300
103 309
103 329
103 332
103 344
103 347
103 361
103 368
103 379
103 392
103 395
104 106
104 107
104 113
104 121
104 124
104 134
104 139
104 152
104 154
104 169
104 174
104 180
104 185
104 190
104 210
104 213
104 234
104 235
104 236
104 243
104 252
104 259
104 261
104 281
104 296
104 305
104 328
104 347
104 371
104 380
104 381
104 399
105 133
105 136
105 143
105 151
105 162
105 176
105 187
105 207
105 218
105 231
105 237
105 255
105 267
105 268
105 275
105 279
105 283
105 290
105 293
105 306
105 308
105 313
105 323
105 326
105 347
105 351
105 356
105 358
105 367
105 374
105 384
105 387
106 114
106 126
106 143
106 146
106 154
106 158
106 165
106 172
106 180
106 189
106 194
106 241
106 254
106 257
106 278
106 280
106 285
106 295
106 297
106 302
106 318
106 319
106 320
106 344
106 350
106 363
106 364
106 367
106 371
106 397
106 399
107 113
107 117
107 124
107 149
107 157
107 159
107 169
107 178
107 181
107 186
107 189
107 200
107 204
107 254
107 262
107 266
107 272
107 274
107 276
107 290
107 377
107 379
108 118
108 148
108 150
108 175
108 189
108 203
108 205
108 216
108 220
108 235
108 238
108 244
108 255
108 259
108 279
108 286
108 297
108 306
108 311
108 348
108 364
108 366
108 387
109 110
109 134
109 135
109 138
109 139
109 144
109 152
109 168
109 169
109 177
109 194
109 198
109 205
109 207
109 208
109 217
109 242
109 246
109 247
109 255
109 258
109 262
109 274
109 286
109 311
109 312
109 313
109 332
109 340
109 342
109 347
109 365
109 379
109 386
109 392
109 397
110 118
110 121
110 131
110 136
110 150
110 159
110 160
110 161
110 170
110 179
110 185
110 197
110 201
110 203
110 212
110 225
110 235
110 238
110 239
110 246
110 249
110 251
110 261
110 281
110 288
110 298
110 312
110 313
110 319
110 322
110 342
110 345
110 350
110 365
110 375
110 381
110 392
111 129
111 150
111 152
111 154
111 157
111 160
111 173
111 181
111 198
111 229
111 236
111 246
111 253
111 257
111 268
111 277
111 280
111 310
111 330
111 331
111 344
111 375
111 380
111 390
112 113
112 125
112 126
112 144
112 155
112 194
112 200
112 202
112 209
112 230
112 240
112 248
112 268
112 275
112 276
112 302
112 320
112 348
112 352
112 357
112 368
112 384
113 126
113 132
113 133
113 147
113 166
113 169
113 172
113 174
113 177
113 185
113 191
113 198
113 230
113 242
113 275
113 283
113 296
113 310
113 311
113 322
113 340
113 341
113 366
113 370
113 380
113 388
114 115
114 126
114 147
114 152
114 159
114 166
114 182
114 195
114 200
114 209
114 210
114 226
114 238
114 248
114 251
114 261
114 275
114 279
114 287
114 289
114 301
114 305
114 321
114 323
114 341
114 346
114 349
114 351
114 354
114 358
114 362
114 371
114 374
114 398
115 124
115 147
115 149
115 164
115 181
115 188
115 196
115 201
115 207
115 216
115 253
115 261
115 272
115 314
115 318
115 319
115 325
115 333
115 343
115 379
115 395
116 129
116 135
116 139
116 141
116 146
116 164
116 178
116 184
116 220
116 230
116 231
116 237
116 249
116 254
116 255
116 256
116 260
116 285
116 293
116 305
116 314
116 315
116 335
116 337
116 349
116 350
116 353
116 359
116 367
116 395
116 398
117 127
117 129
117 143
117 145
117 146
117 168
117 179
117 195
117 205
117 212
117 221
117 252
117 255
117 256
117 264
117 265
117 269
117 284
117 301
117 304
117 322
117 323
117 343
117 344
117 364
117 376
117 382
117 388
117 390
117 395
118 125
118 126
118 140
118 151
118 170
118 180
118 195
118 201
118 206
118 220
118 223
118 232
118 243
118 247
118 248
118 253
118 262
118 264
118 276
118 279
118 292
118 302
118 309
118 317
118 320
118 321
118 323
118 331
118 333
118 348
118 352
118 360
118 369
118 371
118 375
118 389
119 133
119 143
119 148
119 180
119 189
119 200
119 210
119 214
119 217
119 223
119 225
119 226
119 246
119 248
119 249
119 251
119 258
119 267
119 269
119 278
119 293
119 299
119 307
119 313
119 335
119 354
119 385
119 386
119 393
120 121
120 124
120 128
120 146
120 148
120 150
120 156
120 159
120 174
120 189
120 202
120 211
120 217
120 232
120 246
120 272
120 276
120 277
120 280
120 293
120 295
120 315
120 319
120 330
120 357
120 370
120 381
120 392
120 393
121 134
121 155
121 156
121 157
121 165
121 168
121 197
121 202
121 218
121 222
121 242
121 272
121 282
121 292
121 298
121 300
121 307
121 334
121 348
121 353
121 381
121 398
122 125
122 137
122 139
122 161
122 167
122 176
122 191
122 239
122 245
122 249
122 251
122 252
122 255
122 265
122 284
122 286
122 317
122 367
122 374
122 383
123 129
123 133
123 137
123 150
123 198
123 240
123 241
123 247
123 259
123 270
123 271
123 278
123 283
123 287
123 295
123 339
123 367
123 369
123 387
123 391
123 393
124 140
124 149
124 151
124 158
124 168
124 183
124 188
124 191
124 203
124 204
124 208
124 218
124 222
124 223
124 224
124 231
124 244
124 250
124 270
124 274
124 286
124 291
124 301
124 309
124 314
124 328
124 330
124 361
124 374
124 381
124 382
124 394
124 395
125 138
125 150
125 157
125 159
125 162
125 177
125 182
125 216
125 250
125 252
125 260
125 268
125 270
125 275
125 303
125 308
125 320
125 341
125 350
125 354
125 371
125 376
125 377
126 132
126 136
126 141
126 146
126 151
126 159
126 160
126 163
126 172
126 175
126 176
126 186
126 195
126 199
126 204
126 210
126 216
126 226
126 229
126 230
126 234
126 241
126 261
126 275
126 284
126 288
126 298
126 303
126 316
126 323
126 334
126 345
126 351
126 362
126 367
126 381
126 382
126 390
126 391
127 131
127 132
127 138
127 151
127 153
127 186
127 200
127 204
127 209
127 215
127 218
127 221
127 236
127 242
127 257
127 281
127 286
127 300
127 303
127 304
127 308
127 313
127 317
127 326
127 344
127 346
127 372
127 378
128 148
128 150
128 180
128 185
128 190
128 195
128 200
128 213
128 214
128 270
128 275
128 281
128 283
128 298
128 303
128 313
128 314
128 315
128 316
128 322
128 327
128 330
128 332
128 342
128 347
128 348
128 349
128 353
128 359
128 368
128 387
128 389
129 141
129 145
129 167
129 172
129 179
129 199
129 200
129 206
129 214
129 217
129 234
129 235
129 248
129 254
129 259
129 260
129 271
129 321
129 357
129 370
129 371
129 396
130 142
130 167
130 185
130 187
130 195
130 198
130 206
130 218
130 221
130 229
130 232
130 238
130 239
130 253
130 256
130 268
130 273
130 280
130 284
130 305
130 310
130 319
130 344
130 353
130 363
130 364
130 365
130 377
130 381
130 385
131 138
131 141
131 151
131 156
131 195
131 198
131 200
131 206
131 210
131 221
131 226
131 234
131 243
131 248
131 251
131 255
131 258
131 259
131 265
131 267
131 273
131 284
131 288
131 299
131 308
131 314
131 335
131 353
131 366
131 370
131 372
131 373
131 376
131 391
131 398
132 140
132 146
132 151
132 160
132 169
132 184
132 189
132 196
132 212
132 232
132 245
132 257
132 263
132 282
132 285
132 293
132 321
132 323
132 336
132 344
132 348
132 354
132 376
132 380
132 382
132 385
133 149
133 175
133 177
133 179
133 181
133 184
133 205
133 216
133 220
133 225
133 229
133 257
133 289
133 296
133 311
133 318
133 341
133 367
133 370
133 375
133 394
134 152
134 161
134 167
134 172
134 185
134 208
134 213
134 214
134 232
134 243
134 250
134 255
134 261
134 265
134 285
134 300
134 316
134 323
134 336
134 352
134 362
134 373
134 395
135 144
135 147
135 170
135 198
135 248
135 273
135 302
135 311
135 312
135 325
135 326
135 329
135 346
135 354
135 363
135 378
135 385
135 386
135 389
135 390
136 137
136 142
136 145
136 150
136 172
136 180
136 181
136 192
136 205
136 218
136 223
136 224
136 225
136 232
136 241
136 242
136 245
136 261
136 272
136 273
136 282
136 288
136 293
136 294
136 295
136 301
136 302
136 316
136 338
136 344
136 365
136 372
136 391
136 392
136 399
137 141
137 146
137 151
137 161
137 169
137 171
137 172
137 177
137 178
137 183
137 186
137 187
137 191
137 226
137 235
137 236
137 245
137 255
137 260
137 266
137 271
137 301
137 302
137 304
137 325
137 327
137 355
137 358
137 377
137 380
137 381
138 143
138 169
138 177
138 189
138 190
138 202
138 210
138 215
138 219
138 221
138 222
138 234
138 243
138 245
138 250
138 257
138 283
138 284
138 292
138 305
138 310
138 311
138 317
138 330
138 333
138 335
138 343
138 365
138 370
139 141
139 176
139 179
139 196
139 202
139 204
139 209
139 220
139 227
139 234
139 239
139 241
139 244
139 255
139 267
139 288
139 290
139 301
139 310
139 312
139 318
139 329
139 332
139 344
139 347
139 350
139 371
140 144
140 150
140 152
140 164
140 186
140 193
140 194
140 212
140 221
140 222
140 231
140 240
140 251
140 276
140 277
140 296
140 303
140 308
140 327
140 340
140 358
140 361
140 379
140 387
140 392
140 394
140 398
141 146
141 147
141 155
141 180
141 196
141 210
141 213
141 217
141 219
141 220
141 232
141 259
141 260
141 264
141 271
141 284
141 293
141 308
141 323
141 324
141 327
141 329
141 332
141 338
141 352
141 358
141 381
141 397
141 398
142 145
142 156
142 161
142 167
142 180
142 181
142 185
142 196
142 199
142 203
142 208
142 262
142 270
142 284
142 293
142 294
142 301
142 307
142 315
142 325
142 328
142 349
142 355
142 365
142 368
142 384
142 389
142 392
143 158
143 161
143 170
143 172
143 187
143 193
143 195
143 196
143 222
143 238
143 247
143 253
143 266
143 267
143 283
143 286
143 291
143 302
143 307
143 310
143 313
143 332
143 337
143 346
143 351
143 365
143 372
143 389
143 394
144 150
144 172
144 177
144 181
144 197
144 202
144 219
144 229
144 233
144 250
144 255
144 267
144 282
144 285
144 300
144 301
144 302
144 322
144 347
144 354
144 375
144 383
144 386
144 390
144 395
145 160
145 161
145 192
145 195
145 201
145 219
145 233
145 242
145 243
145 252
145 253
145 267
145 286
145 293
145 309
145 328
145 334
145 342
145 349
145 350
145 357
145 359
145 370
145 374
145 376
145 385
145 395
146 150
146 208
146 232
146 244
146 251
146 286
146 291
146 292
146 308
146 309
146 310
146 324
146 327
146 328
146 344
146 351
146 355
146 365
146 374
146 383
146 388
146 394
147 152
147 154
147 164
147 169
147 173
147 178
147 207
147 214
147 228
147 251
147 257
147 278
147 289
147 290
147 299
147 310
147 334
147 336
147 340
147 343
147 357
147 364
147 373
147 374
147 375
147 379
147 394
148 161
148 163
148 170
148 175
148 190
148 211
148 217
148 222
148 223
148 236
148 243
148 254
148 258
148 274
148 283
148 288
148 297
148 303
148 326
148 329
148 336
148 362
148 365
148 374
148 381
148 387
148 390
148 398
148 399
149 150
149 153
149 159
149 161
149 163
149 188
149 196
149 217
149 223
149 230
149 240
149 270
149 280
149 286
149 289
149 294
149 299
149 301
149 302
149 325
149 336
149 344
149 346
149 362
149 364
149 370
149 379
149 393
150 151
150 169
150 187
150 226
150 228
150 246
150 281
150 286
150 297
150 300
150 328
150 330
150 335
150 336
150 337
150 338
150 345
150 348
150 350
150 370
150 392
151 182
151 183
151 187
151 224
151 235
151 240
151 243
151 256
151 266
151 269
151 274
151 275
151 288
151 339
151 349
151 353
151 358
151 374
151 387
151 389
151 397
152 154
152 167
152 187
152 190
152 194
152 203
152 204
152 225
152 234
152 240
152 241
152 251
152 259
152 272
152 280
152 282
152 299
152 323
152 340
152 343
152 344
152 354
152 358
152 369
153 165
153 167
153 198
153 209
153 211
153 213
153 219
153 230
153 238
153 241
153 243
153 246
153 251
153 256
153 261
153 278
153 280
153 287
153 288
153 307
153 308
153 336
153 346
153 349
153 355
153 358
153 368
153 379
153 382
154 156
154 158
154 167
154 180
154 200
154 205
154 230
154 232
154 264
154 269
154 304
154 331
154 333
154 344
154 345
154 346
154 377
154 380
155 166
155 201
155 212
155 214
155 256
155 279
155 282
155 287
155 291
155 299
155 310
155 330
155 332
155 398
156 157
156 179
156 193
156 201
156 211
156 222
156 231
156 241
156 242
156 245
156 247
156 258
156 261
156 274
156 275
156 281
156 282
156 292
156 309
156 316
156 320
156 330
156 331
156 335
156 385
156 390
156 391
156 394
157 176
157 181
157 192
157 196
157 203
157 230
157 233
157 236
157 246
157 266
157 278
157 279
157 285
157 287
157 290
157 296
157 309
157 333
157 348
157 350
157 363
157 364
157 381
157 396
158 159
158 163
158 168
158 172
158 178
158 181
158 192
158 193
158 194
158 214
158 238
158 239
158 241
158 244
158 254
158 262
158 266
158 289
158 310
158 316
158 326
158 337
158 338
158 351
158 372
158 375
158 387
158 391
158 393
158 396
158 398
158 399
159 172
159 177
159 183
159 219
159 221
159 235
159 240
159 258
159 264
159 275
159 295
159 331
159 345
159 349
159 350
159 363
159 373
159 378
159 383
159 385
159 386
159 388
159 390
159 395
159 396
160 170
160 179
160 180
160 191
160 193
160 198
160 204
160 223
160 235
160 245
160 258
160 263
160 267
160 271
160 284
160 297
160 319
160 332
160 341
160 351
160 359
160 365
160 370
160 385
160 388
160 391
160 395
161 182
161 213
161 220
161 226
161 236
161 237
161 242
161 245
161 249
161 255
161 256
161 268
161 283
161 298
161 308
161 322
161 329
161 336
161 337
161 366
161 369
161 370
161 386
162 214
162 220
162 221
162 225
162 238
162 247
162 252
162 253
162 255
162 256
162 257
162 262
162 275
162 282
162 305
162 308
162 319
162 323
162 337
162 341
162 344
162 345
162 360
162 361
163 166
163 179
163 184
163 196
163 198
163 212
163 230
163 233
163 237
163 255
163 258
163 259
163 262
163 283
163 284
163 293
163 300
163 312
163 320
163 322
163 336
163 355
163 356
163 364
163 384
163 386
163 391
164 185
164 197
164 205
164 217
164 222
164 231
164 242
164 246
164 260
164 263
164 265
164 269
164 271
164 281
164 282
164 290
164 296
164 300
164 301
164 310
164 319
164 344
164 345
164 378
164 399
165 167
165 178
165 179
165 197
165 198
165 217
165 219
165 238
165 242
165 255
165 260
165 262
165 286
165 287
165 295
165 297
165 299
165 305
165 310
165 317
165 334
165 340
165 345
165 366
165 376
166 173
166 186
166 205
166 219
166 229
166 232
166 241
166 251
166 258
166 269
166 275
166 295
166 309
166 311
166 317
166 322
166 324
166 329
166 332
166 336
166 373
166 389
167 187
167 253
167 254
167 257
167 290
167 295
167 311
167 329
167 333
167 353
167 359
167 363
167 364
167 386
168 169
168 191
168 196
168 213
168 224
168 237
168 251
168 256
168 264
168 268
168 277
168 278
168 291
168 296
168 297
168 298
168 301
168 314
168 333
168 346
168 347
168 350
168 381
168 390
168 397
169 171
169 174
169 199
169 203
169 208
169 220
169 229
169 230
169 237
169 241
169 246
169 250
169 253
169 263
169 283
169 286
169 295
169 298
169 300
169 337
169 341
169 351
169 360
169 365
169 390
170 194
170 199
170 201
170 227
170 231
170 249
170 250
170 251
170 252
170 259
170 266
170 284
170 288
170 304
170 310
170 322
170 347
170 368
170 387
170 388
170 390
170 392
171 179
171 184
171 188
171 194
171 195
171 216
171 218
171 224
171 237
171 241
171 242
171 250
171 254
171 268
171 274
171 284
171 290
171 293
171 315
171 316
171 342
171 347
171 369
171 379
171 381
171 390
171 393
171 394
172 182
172 212
172 213
172 216
172 224
172 230
172 242
172 247
172 257
172 272
172 279
172 296
172 299
172 330
172 333
172 361
172 370
172 394
173 185
173 195
173 228
173 231
173 243
173 265
173 273
173 287
173 288
173 290
173 296
173 316
173 325
173 336
173 337
173 339
173 352
173 367
173 369
173 373
173 376
173 385
173 390
174 176
174 183
174 186
174 188
174 189
174 199
174 210
174 214
174 238
174 262
174 265
174 268
174 274
174 280
174 290
174 300
174 304
174 306
174 313
174 314
174 321
174 322
174 330
174 334
174 365
174 367
174 370
174 379
174 397
175 193
175 201
175 209
175 222
175 234
175 241
175 256
175 266
175 272
175 273
175 281
175 296
175 297
175 303
175 312
175 331
175 335
175 337
175 343
175 351
175 352
175 355
175 363
175 387
176 180
176 187
176 195
176 196
176 198
176 211
176 219
176 226
176 230
176 235
176 241
176 245
176 260
176 272
176 308
176 332
176 336
176 337
176 360
176 371
176 399
177 179
177 212
177 218
177 232
177 242
177 270
177 290
177 299
177 314
177 322
177 328
177 343
177 347
177 368
177 372
177 374
177 377
177 378
177 382
177 399
178 194
178 214
178 218
178 222
178 223
178 252
178 258
178 303
178 320
178 329
178 336
178 361
178 368
178 387
178 390
179 182
179 206
179 212
179 213
179 214
179 216
179 217
179 228
179 229
179 235
179 240
179 244
179 250
179 269
179 270
179 273
179 294
179 300
179 316
179 337
179 348
179 361
179 384
179 385
179 390
179 396
179 397
179 399
180 224
180 227
180 234
180 238
180 240
180 258
180 264
180 288
180 313
180 320
180 323
180 338
180 347
180 352
180 359
180 376
180 398
181 185
181 209
181 232
181 245
181 253
181 256
181 265
181 307
181 317
181 322
181 328
181 329
181 336
181 358
181 363
181 391
181 399
182 190
182 191
182 196
182 215
182 218
182 220
182 230
182 236
182 248
182 260
182 262
182 267
182 278
182 280
182 289
182 290
182 316
182 341
182 342
182 353
182 355
182 362
182 367
182 383
182 391
183 193
183 202
183 230
183 256
183 289
183 300
183 337
183 346
183 348
183 387
183 388
183 390
183 393
183 395
184 203
184 204
184 208
184 211
184 239
184 250
184 267
184 276
184 280
184 289
184 305
184 306
184 307
184 317
184 318
184 342
184 371
184 373
184 383
184 393
184 394
185 187
185 201
185 212
185 216
185 221
185 228
185 229
185 257
185 259
185 266
185 278
185 283
185 286
185 289
185 304
185 307
185 308
185 321
185 371
185 372
185 376
185 389
186 205
186 209
186 220
186 229
186 258
186 261
186 268
186 273
186 278
186 297
186 298
186 299
186 307
186 310
186 314
186 362
186 368
186 369
187 188
187 195
187 203
187 208
187 212
187 218
187 232
187 233
187 235
187 269
187 300
187 304
187 319
187 323
187 350
187 354
187 355
187 372
187 390
188 199
188 201
188 220
188 225
188 227
188 229
188 230
188 238
188 244
188 246
188 254
188 266
188 276
188 285
188 293
188 296
188 306
188 312
188 326
188 332
188 337
188 345
188 346
188 347
188 351
188 355
188 361
188 373
189 190
189 191
189 219
189 230
189 242
189 250
189 253
189 257
189 277
189 291
189 319
189 349
189 350
189 363
189 364
189 367
189 369
189 372
189 384
189 399
190 196
190 197
190 211
190 213
190 215
190 217
190 222
190 226
190 239
190 252
190 262
190 263
190 273
190 289
190 291
190 292
190 300
190 309
190 324
190 329
190 334
190 355
190 371
190 376
190 379
190 382
191 194
191 198
191 222
191 225
191 265
191 270
191 284
191 298
191 333
191 355
191 365
191 371
191 399
192 206
192 209
192 212
192 216
192 229
192 232
192 251
192 264
192 266
192 294
192 295
192 297
192 302
192 310
192 326
192 327
192 330
192 335
192 342
192 354
192 361
192 364
192 379
192 388
192 390
192 394
193 207
193 212
193 214
193 253
193 261
193 276
193 308
193 309
193 311
193 327
193 329
193 360
193 361
193 393
194 212
194 231
194 232
194 237
194 241
194 253
194 257
194 261
194 268
194 270
194 295
194 300
194 302
194 306
194 317
194 325
194 330
194 333
194 353
194 360
194 361
194 376
194 385
195 219
195 220
195 270
195 271
195 278
195 301
195 306
195 309
195 311
195 324
195 348
195 349
195 367
195 370
195 376
195 383
195 385
195 392
195 394
196 205
196 207
196 208
196 212
196 218
196 221
196 241
196 246
196 248
196 261
196 262
196 283
196 292
196 293
196 303
196 309
196 317
196 323
196 325
196 377
196 378
197 207
197 215
197 251
197 285
197 287
197 289
197 343
197 345
197 364
197 368
197 392
198 203
198 204
198 213
198 215
198 218
198 222
198 228
198 259
198 272
198 275
198 280
198 282
198 290
198 313
198 319
198 323
198 329
198 335
198 344
198 356
198 387
199 209
199 223
199 229
199 230
199 241
199 242
199 255
199 257
199 285
199 294
199 306
199 307
199 315
199 328
199 344
199 348
199 349
199 356
199 362
199 364
199 367
199 368
199 372
199 373
199 380
199 382
199 383
199 384
199 391
200 205
200 211
200 213
200 227
200 235
200 254
200 263
200 264
200 276
200 282
200 283
200 284
200 294
200 299
200 301
200 305
200 320
200 329
200 331
200 332
200 333
200 341
200 344
200 347
200 348
200 352
200 358
200 373
200 395
201 213
201 234
201 235
201 239
201 244
201 253
201 259
201 279
201 285
201 288
201 289
201 290
201 307
201 314
201 315
201 322
201 325
201 334
201 337
201 344
201 357
201 366
201 367
201 384
202 217
202 226
202 258
202 263
202 280
202 281
202 293
202 295
202 311
202 312
202 314
202 322
202 325
202 331
202 335
202 359
202 360
202 367
202 383
202 393
203 211
203 256
203 263
203 274
203 285
203 303
203 305
203 310
203 320
203 326
203 336
203 358
203 363
203 368
203 383
203 399
204 208
204 210
204 215
204 241
204 257
204 263
204 291
204 296
204 302
204 307
204 312
204 314
204 333
204 334
204 353
204 354
204 358
204 384
204 398
205 222
205 224
205 228
205 244
205 258
205 261
205 286
205 334
205 346
205 356
205 368
205 376
205 384
206 214
206 238
206 243
206 247
206 254
206 301
206 302
206 317
206 318
206 320
206 359
206 383
206 394
206 395
207 209
207 222
207 225
207 226
207 230
207 233
207 238
207 249
207 282
207 295
207 300
207 308
207 314
207 317
207 318
207 337
207 345
207 349
207 350
207 353
207 372
207 394
207 397
208 212
208 220
208 231
208 237
208 244
208 257
208 268
208 270
208 272
208 274
208 278
208 280
208 288
208 289
208 299
208 304
208 315
208 326
208 329
208 348
208 350
208 356
208 363
208 397
209 223
209 228
209 240
209 245
209 287
209 288
209 297
209 302
209 307
209 312
209 365
209 369
209 372
209 382
209 388
209 389
210 227
210 242
210 255
210 271
210 276
210 283
210 286
210 290
210 291
210 295
210 299
210 326
210 359
210 360
210 369
210 372
210 383
210 384
210 396
210 399
211 213
211 221
211 228
211 230
211 237
211 242
211 246
211 285
211 287
211 294
211 296
211 309
211 327
211 332
211 360
211 369
211 370
211 378
211 399
212 226
212 254
212 261
212 263
212 266
212 283
212 285
212 293
212 297
212 319
212 323
212 325
212 354
212 364
213 215
213 237
213 255
213 257
213 259
213 265
213 271
213 276
213 279
213 284
213 292
213 301
213 308
213 309
213 320
213 341
213 351
213 354
213 356
213 357
213 363
213 365
213 381
213 382
213 396
214 220
214 246
214 257
214 261
214 288
214 296
214 298
214 311
214 317
214 322
214 329
214 356
214 359
214 367
214 368
214 374
215 216
215 219
215 235
215 236
215 250
215 261
215 263
215 272
215 275
215 283
215 285
215 297
215 305
215 306
215 307
215 322
215 326
215 328
215 334
215 335
215 336
215 346
215 348
215 366
215 367
215 384
215 389
215 398
216 228
216 246
216 254
216 256
216 261
216 275
216 328
216 342
216 353
216 355
216 360
216 370
216 376
216 378
216 380
216 383
216 392
217 225
217 226
217 243
217 245
217 247
217 248
217 253
217 255
217 263
217 265
217 266
217 281
217 301
217 306
217 311
217 312
217 324
217 327
217 346
217 395
218 224
218 233
218 247
218 279
218 294
218 298
218 314
218 330
218 332
218 336
218 351
218 362
218 375
218 384
219 223
219 240
219 242
219 267
219 283
219 310
219 316
219 338
219 351
219 371
219 378
219 389
220 237
220 258
220 270
220 277
220 282
220 283
220 288
220 291
220 303
220 322
220 337
220 352
220 354
220 359
220 360
221 226
221 229
221 253
221 260
221 279
221 290
221 295
221 300
221 305
221 313
221 331
221 332
221 333
221 335
221 342
221 343
221 357
221 359
221 374
221 375
221 384
221 387
221 391
221 395
222 226
222 242
222 250
222 255
222 260
222 266
222 276
222 285
222 310
222 317
222 320
222 333
222 334
222 340
222 351
222 361
222 370
222 371
222 376
222 393
223 229
223 247
223 252
223 261
223 271
223 278
223 290
223 315
223 344
223 346
223 347
223 368
223 372
223 373
223 383
223 394
224 230
224 233
224 235
224 237
224 240
224 243
224 248
224 270
224 274
224 279
224 303
224 307
224 335
224 352
224 370
224 395
225 230
225 233
225 238
225 251
225 252
225 253
225 260
225 268
225 271
225 277
225 278
225 280
225 285
225 286
225 304
225 310
225 314
225 334
225 344
225 345
225 352
225 355
225 366
225 378
225 389
225 392
225 396
226 249
226 255
226 265
226 266
226 280
226 290
226 292
226 299
226 302
226 308
226 317
226 323
226 335
226 339
226 345
226 351
226 353
226 358
226 379
226 394
226 395
226 398
227 242
227 245
227 247
227 266
227 272
227 280
227 286
227 288
227 294
227 318
227 322
227 340
227 341
227 357
227 358
227 364
227 366
227 391
228 231
228 233
228 240
228 272
228 273
228 288
228 293
228 313
228 328
228 341
228 342
228 351
228 360
228 363
228 367
228 373
228 388
228 399
229 236
229 241
229 242
229 244
229 264
229 273
229 295
229 309
229 326
229 328
229 369
229 376
229 384
229 387
229 389
229 390
230 275
230 309
230 328
230 330
230 356
230 357
230 372
230 387
230 390
230 392
231 234
231 268
231 272
231 283
231 288
231 295
231 310
231 311
231 330
231 340
231 346
231 351
231 360
231 366
231 367
231 382
231 389
231 396
232 233
232 260
232 273
232 275
232 310
232 311
232 312
232 314
232 336
232 339
232 350
232 352
232 356
232 362
232 368
232 377
232 385
232 387
233 246
233 247
233 252
233 259
233 261
233 269
233 271
233 273
233 284
233 290
233 298
233 299
233 307
233 320
233 333
233 339
233 340
233 346
234 250
234 261
234 270
234 277
234 279
234 292
234 295
234 296
234 298
234 299
234 300
234 301
234 308
234 319
234 324
234 339
234 345
234 347
234 373
234 374
234 399
235 252
235 255
235 260
235 266
235 297
235 299
235 302
235 308
235 311
235 339
235 345
235 355
235 357
235 361
235 367
235 371
235 375
235 380
235 381
235 386
236 256
236 257
236 260
236 283
236 289
236 290
236 307
236 321
236 330
236 336
236 340
236 350
236 373
236 378
236 380
236 388
237 244
237 249
237 255
237 262
237 265
237 269
237 271
237 273
237 278
237 281
237 285
237 287
237 314
237 347
237 349
237 353
237 355
237 358
237 361
237 364
237 370
237 384
237 387
237 388
237 393
238 257
238 267
238 270
238 276
238 285
238 306
238 307
238 316
238 341
238 344
238 351
238 366
238 370
238 383
238 393
238 394
239 263
239 284
239 286
239 289
239 294
239 306
239 331
239 334
239 371
239 373
239 385
240 259
240 267
240 279
240 281
240 286
240 287
240 290
240 292
240 296
240 299
240 326
240 338
240 349
240 351
240 352
240 354
240 374
240 376
240 393
241 245
241 254
241 256
241 257
241 284
241 296
241 304
241 313
241 314
241 335
241 364
241 368
241 381
241 382
242 254
242 255
242 258
242 266
242 269
242 270
242 297
242 306
242 316
242 354
242 359
242 366
242 376
242 382
242 384
242 385
242 386
242 394
243 245
243 256
243 258
243 263
243 277
243 307
243 312
243 313
243 342
243 344
243 365
243 374
243 376
243 378
243 397
244 253
244 259
244 261
244 266
244 269
244 281
244 292
244 310
244 317
244 320
244 326
244 330
244 349
244 353
244 367
244 370
244 375
245 246
245 250
245 252
245 258
245 262
245 274
245 284
245 287
245 294
245 296
245 297
245 298
245 308
245 329
245 351
245 354
245 364
245 370
245 382
246 254
246 259
246 260
246 270
246 274
246 295
246 318
246 323
246 337
246 342
246 343
246 351
246 364
246 370
246 376
246 388
247 255
247 267
247 278
247 288
247 297
247 300
247 305
247 326
247 339
247 341
247 343
247 372
247 385
247 391
247 392
247 397
248 252
248 256
248 258
248 260
248 289
248 300
248 314
248 338
248 340
248 363
248 367
248 373
248 375
248 390
248 399
249 250
249 252
249 258
249 265
249 282
249 292
249 297
249 307
249 308
249 311
249 321
249 342
249 355
249 359
249 360
249 380
250 262
250 266
250 268
250 283
250 313
250 324
250 326
250 327
250 328
250 329
250 334
250 353
250 364
250 366
250 373
250 374
250 377
250 380
250 390
250 397
251 259
251 261
251 276
251 280
251 281
251 285
251 317
251 354
251 355
251 356
252 263
252 269
252 272
252 273
252 277
252 281
252 283
252 288
252 295
252 298
252 312
252 321
252 324
252 327
252 345
252 355
252 358
252 367
252 375
252 378
252 381
252 382
253 265
253 272
253 273
253 276
253 294
253 311
253 317
253 344
253 354
253 361
253 376
253 378
253 386
253 390
253 398
254 309
254 339
254 340
254 347
254 349
254 350
254 354
254 357
254 358
254 367
254 369
254 377
254 382
254 385
254 386
254 387
254 391
254 395
254 396
255 260
255 264
255 268
255 315
255 326
255 336
255 354
255 364
255 365
255 377
256 267
256 290
256 298
256 339
256 348
256 349
256 362
256 369
256 372
256 379
256 386
256 387
256 394
257 279
257 282
257 286
257 288
257 307
257 316
257 323
257 328
257 346
257 350
257 352
257 369
257 398
258 263
258 265
258 277
258 291
258 300
258 302
258 322
258 327
258 329
258 340
258 342
258 350
258 381
258 384
259 279
259 296
259 298
259 311
259 323
259 326
259 330
259 335
259 357
259 378
260 263
260 264
260 265
260 270
260 273
260 291
260 302
260 305
260 313
260 316
260 319
260 335
260 353
260 367
260 374
260 390
261 262
261 276
261 287
261 296
261 320
261 327
261 346
261 348
261 372
261 391
261 393
262 265
262 268
262 287
262 295
262 299
262 308
262 316
262 326
262 332
262 336
262 350
262 372
262 374
262 386
262 394
263 271
263 272
263 278
263 281
263 288
263 289
263 300
263 304
263 353
263 363
263 388
263 390
263 397
264 271
264 290
264 294
264 306
264 309
264 324
264 329
264 351
264 352
264 357
264 360
264 362
264 366
264 382
264 386
264 392
264 396
264 399
265 298
265 302
265 306
265 320
265 329
265 334
265 353
265 365
266 282
266 283
266 285
266 286
266 291
266 321
266 331
266 332
266 350
266 368
266 382
267 275
267 283
267 290
267 299
267 302
267 306
267 311
267 319
267 331
267 342
267 352
267 356
267 358
267 378
267 383
267 384
268 283
268 291
268 301
268 311
268 338
268 340
268 356
268 358
268 361
268 371
268 385
269 274
269 279
269 281
269 284
269 290
269 316
269 320
269 322
269 324
269 337
269 344
269 357
269 359
269 366
269 398
270 290
270 292
270 305
270 312
270 313
270 325
270 327
270 353
270 361
270 362
270 368
270 376
271 276
271 280
271 284
271 287
271 302
271 305
271 343
271 346
271 350
271 351
271 356
271 359
271 369
271 373
271 395
272 277
272 286
272 288
272 289
272 312
272 330
272 340
272 352
272 355
272 363
272 370
272 395
273 275
273 299
273 301
273 304
273 306
273 312
273 313
273 316
273 324
273 329
273 334
273 345
273 354
273 356
273 359
273 361
273 366
273 369
273 390
274 285
274 301
274 327
274 333
274 335
274 343
274 359
274 360
274 361
274 387
274 394
275 278
275 304
275 330
275 335
275 338
275 341
275 362
275 367
275 369
275 381
276 280
276 286
276 297
276 316
276 317
276 341
276 353
276 365
276 376
276 379
276 380
276 386
276 391
276 396
277 285
277 321
277 325
277 334
277 360
277 365
277 383
278 281
278 286
278 300
278 301
278 308
278 328
278 332
278 334
278 348
278 359
278 382
278 388
279 281
279 307
279 316
279 317
279 321
279 339
279 344
279 345
279 349
279 369
279 381
279 389
280 288
280 296
280 309
280 312
280 325
280 335
280 347
280 367
280 372
280 399
281 295
281 303
281 329
281 346
281 367
281 373
281 386
281 396
282 283
282 284
282 290
282 309
282 316
282 329
282 335
282 339
282 340
282 344
282 349
282 360
282 372
282 376
282 383
282 385
283 314
283 317
283 324
283 327
283 332
283 334
283 336
283 337
283 344
283 345
283 357
283 358
283 361
283 363
283 374
283 377
283 379
284 304
284 313
284 314
284 327
284 344
284 346
284 349
284 355
284 358
284 376
284 383
285 288
285 328
285 341
285 350
285 361
285 383
285 386
285 390
285 393
286 289
286 295
286 309
286 318
286 325
286 326
286 345
286 348
286 355
286 360
286 363
286 383
286 386
286 391
287 313
287 330
287 340
287 377
287 396
288 292
288 329
288 370
288 383
289 293
289 301
289 303
289 304
289 312
289 313
289 317
289 327
289 330
289 339
289 343
289 347
289 348
289 351
289 370
289 393
290 301
290 310
290 317
290 340
290 350
290 367
290 372
290 378
290 380
291 311
291 312
291 313
291 316
291 324
291 325
292 305
292 321
292 336
292 339
292 353
292 355
292 372
292 390
293 294
293 310
293 316
293 335
293 336
293 342
293 351
293 365
293 367
293 373
293 378
293 385
294 295
294 299
294 305
294 315
294 317
294 322
294 324
294 326
294 329
294 333
294 341
294 361
294 377
295 311
295 312
295 316
295 329
295 337
295 359
295 366
295 372
295 374
296 298
296 300
296 304
296 359
296 360
296 376
296 379
296 388
296 394
296 397
297 304
297 317
297 320
297 341
297 347
297 354
297 358
297 359
297 375
297 377
297 381
297 397
298 302
298 308
298 321
298 333
298 335
298 359
298 373
298 378
298 379
298 381
298 389
298 395
299 318
299 329
299 333
299 341
299 367
299 374
299 384
299 385
299 390
299 399
300 308
300 309
300 313
300 330
300 349
300 354
300 358
300 372
300 382
300 384
300 395
301 316
301 322
301 335
301 350
301 354
301 356
301 357
301 379
301 381
301 395
302 307
302 308
302 338
302 342
302 373
302 389
302 394
303 304
303 308
303 314
303 325
303 326
303 332
303 347
303 357
303 384
303 387
303 391
303 392
304 307
304 309
304 319
304 331
304 349
304 359
304 368
304 372
304 379
305 317
305 318
305 325
305 340
305 342
305 365
305 378
305 384
305 391
306 308
306 333
306 334
306 361
306 367
306 372
307 308
307 331
307 343
307 350
307 355
307 359
307 364
307 390
308 312
308 320
308 323
308 330
308 336
308 340
308 345
308 346
308 360
308 361
308 367
308 377
308 391
308 392
308 393
308 394
309 324
309 367
309 369
309 396
310 323
310 330
310 332
310 342
310 371
310 374
310 383
310 386
310 389
311 316
311 319
311 329
311 350
311 384
311 390
312 330
312 333
312 336
312 339
312 358
312 363
312 368
312 390
313 330
313 339
313 348
313 353
313 356
313 363
313 373
313 384
314 317
314 320
314 333
314 352
314 376
314 389
314 390
315 322
315 338
315 345
315 367
315 372
316 344
316 354
316 366
316 386
317 327
317 332
317 335
317 346
317 347
317 368
317 376
318 320
318 326
318 330
318 339
318 350
318 378
318 385
318 387
319 321
319 325
319 326
319 330
319 343
319 344
319 346
319 353
319 380
319 381
319 387
319 390
319 392
319 395
320 338
320 348
320 356
320 363
320 379
320 394
320 397
321 336
321 338
321 344
321 371
321 375
321 385
322 329
322 336
322 339
322 349
322 357
322 360
322 376
322 394
322 398
323 343
323 349
323 353
323 384
323 388
323 391
323 392
323 396
324 326
324 328
324 332
324 336
324 345
324 358
324 382
324 394
324 397
324 398
325 329
325 331
325 363
325 381
326 330
326 332
326 333
326 336
326 349
326 355
326 382
326 383
326 397
327 334
327 351
327 353
327 364
327 371
327 375
327 392
327 395
328 350
328 352
328 354
328 365
328 370
328 373
328 381
329 339
329 341
329 363
329 365
329 377
329 398
330 339
330 348
330 357
330 358
330 366
330 373
330 379
330 396
330 399
331 332
331 347
331 358
331 369
331 390
332 336
332 343
332 348
332 349
332 351
332 354
332 367
332 378
332 386
333 334
333 341
333 344
333 346
333 360
333 364
333 387
333 393
333 395
334 338
334 340
334 341
334 352
334 368
334 370
334 371
334 372
334 373
334 399
335 346
335 347
335 350
335 357
335 373
335 377
335 385
336 338
336 369
336 370
336 371
336 384
336 387
336 388
337 366
337 375
337 388
337 389
337 391
337 396
338 351
338 357
338 384
338 388
339 342
339 343
339 344
339 348
339 387
340 348
340 363
340 388
341 346
341 359
341 368
341 372
341 373
341 380
341 381
341 385
341 399
342 345
342 370
342 373
343 346
343 355
343 384
343 390
343 392
344 361
344 373
344 399
345 354
345 374
345 378
345 380
345 382
345 399
346 397
347 359
347 362
347 396
347 399
348 355
348 357
348 365
348 372
348 379
349 353
349 354
349 359
349 383
349 384
349 396
350 365
350 378
351 357
351 359
351 373
351 379
351 383
352 360
352 361
352 383
353 386
353 395
353 396
354 376
354 377
354 379
354 380
355 387
356 368
356 370
356 382
356 386
356 395
356 397
356 399
357 364
357 376
357 381
357 393
358 363
358 364
358 368
358 386
358 389
359 375
359 384
359 385
360 362
360 366
360 372
360 382
361 386
362 374
362 389
363 387
363 396
364 367
364 372
364 376
364 383
364 386
364 387
364 397
365 379
365 388
365 391
366 367
366 368
366 371
366 374
366 376
366 385
366 394
367 370
367 371
367 372
367 375
367 383
367 392
367 393
367 399
368 370
368 383
369 371
369 398
370 379
370 382
371 379
371 397
372 374
372 379
372 398
373 375
373 391
374 385
375 397
377 380
377 392
378 380
378 393
378 399
379 387
379 391
381 384
382 388
382 399
383 393
384 387
384 392
384 399
385 394
386 398
387 394
388 394
389 393
389 395
390 399
391 399
393 399
394 395
