0 14
0 21
0 32
0 57
0 60
0 67
0 74
0 77
0 82
0 84
0 99
0 112
0 115
0 116
0 139
0 144
0 183
0 195
0 197
1 14
1 33
1 56
1 82
1 85
1 93
1 99
1 104
1 108
1 129
1 136
1 148
1 149
1 170
2 7
2 9
2 26
2 31
2 51
2 65
2 72
2 82
2 119
2 122
2 131
2 135
2 137
2 138
2 144
2 150
2 152
2 169
2 186
3 4
3 10
3 33
3 47
3 62
3 67
3 68
3 69
3 89
3 92
3 94
3 96
3 102
3 107
3 109
3 129
3 137
3 155
3 165
3 168
3 170
3 172
3 190
4 16
4 19
4 24
4 25
4 28
4 33
4 34
4 35
4 36
4 50
4 51
4 78
4 83
4 96
4 109
4 111
4 116
4 122
4 154
4 163
4 165
5 28
5 46
5 53
5 63
5 90
5 95
5 101
5 120
5 123
5 124
5 133
5 136
5 138
5 169
5 175
5 178
6 12
6 20
6 30
6 50
6 51
6 55
6 77
6 81
6 84
6 88
6 105
6 118
6 121
6 123
6 151
6 153
6 184
6 186
7 13
7 24
7 37
7 46
7 55
7 56
7 62
7 63
7 69
7 71
7 77
7 89
7 117
7 127
7 136
7 143
7 148
7 155
7 176
7 186
8 20
8 23
8 39
8 50
8 61
8 68
8 80
8 85
8 89
8 92
8 141
8 142
8 152
8 156
8 193
9 16
9 25
9 31
9 55
9 60
9 61
9 68
9 78
9 81
9 90
9 96
9 137
9 138
9 148
9 153
9 176
9 181
9 193
10 22
10 33
10 44
10 51
10 53
10 62
10 78
10 83
10 114
10 127
10 139
10 146
10 169
10 175
10 183
10 193
10 194
11 20
11 30
11 32
11 68
11 69
11 73
11 76
11 118
11 127
11 136
11 138
11 156
11 163
11 175
11 183
12 42
12 47
12 48
12 49
12 58
12 71
12 93
12 95
12 131
12 137
12 150
12 160
12 168
13 20
13 26
13 33
13 54
13 58
13 60
13 69
13 86
13 90
13 117
13 123
13 128
13 129
13 134
13 178
13 180
13 181
13 184
13 188
13 192
13 193
14 16
14 18
14 56
14 57
14 58
14 66
14 72
14 73
14 75
14 80
14 86
14 96
14 110
14 120
14 131
14 135
14 141
14 145
14 166
14 184
14 190
15 18
15 49
15 52
15 56
15 57
15 67
15 75
15 81
15 85
15 114
15 129
15 139
15 143
15 147
15 160
15 165
15 169
15 171
15 182
15 184
15 185
15 192
15 198
16 18
16 19
16 33
16 34
16 36
16 39
16 45
16 52
16 62
16 72
16 79
16 83
16 84
16 98
16 104
16 110
16 121
16 126
16 138
16 179
16 187
17 28
17 37
17 50
17 59
17 69
17 72
17 76
17 82
17 94
17 102
17 105
17 108
17 113
17 118
17 125
17 126
17 127
17 134
17 153
17 166
17 168
17 171
17 177
17 179
17 183
17 192
18 20
18 25
18 30
18 34
18 40
18 44
18 47
18 52
18 57
18 84
18 98
18 107
18 108
18 112
18 139
18 140
18 152
18 153
18 159
18 175
18 180
18 183
18 187
18 190
18 193
18 197
19 32
19 33
19 63
19 69
19 82
19 89
19 111
19 114
19 119
19 127
19 131
19 137
19 144
19 159
19 164
19 186
19 189
19 195
19 197
20 27
20 36
20 39
20 57
20 67
20 73
20 75
20 95
20 99
20 106
20 116
20 130
20 144
20 150
20 154
20 174
20 185
20 196
21 43
21 54
21 109
21 115
21 124
21 127
21 145
21 146
21 149
21 154
21 178
21 190
21 194
22 24
22 30
22 37
22 38
22 49
22 61
22 66
22 74
22 86
22 88
22 103
22 112
22 120
22 126
22 135
22 136
22 161
22 169
22 174
23 24
23 31
23 38
23 41
23 54
23 69
23 78
23 91
23 93
23 95
23 101
23 105
23 110
23 111
23 118
23 126
23 127
23 133
23 151
23 172
23 173
23 186
23 198
24 37
24 38
24 45
24 51
24 61
24 64
24 67
24 78
24 85
24 89
24 91
24 96
24 100
24 110
24 115
24 126
24 136
24 162
24 176
24 199
25 28
25 30
25 42
25 43
25 55
25 80
25 83
25 89
25 95
25 96
25 97
25 98
25 101
25 110
25 111
25 115
25 116
25 122
25 137
25 145
25 149
25 155
25 167
25 172
25 175
25 176
25 177
25 195
26 28
26 36
26 44
26 52
26 56
26 59
26 66
26 84
26 145
26 163
26 168
26 169
26 171
27 49
27 50
27 56
27 74
27 95
27 142
27 148
27 162
27 165
27 172
27 188
28 32
28 37
28 42
28 49
28 55
28 65
28 71
28 74
28 81
28 85
28 102
28 138
28 140
28 158
28 169
28 174
28 198
29 30
29 41
29 48
29 79
29 92
29 99
29 120
29 132
29 135
29 137
29 143
29 146
29 148
29 151
29 163
29 171
29 188
29 193
30 31
30 41
30 50
30 56
30 65
30 70
30 75
30 79
30 82
30 94
30 100
30 103
30 105
30 111
30 141
30 145
30 146
30 195
31 38
31 51
31 52
31 53
31 59
31 61
31 62
31 71
31 73
31 74
31 104
31 118
31 134
31 147
31 163
31 189
31 191
32 43
32 59
32 70
32 78
32 93
32 102
32 117
32 133
32 139
32 153
32 181
32 185
32 191
32 192
33 55
33 63
33 65
33 69
33 81
33 83
33 91
33 98
33 108
33 111
33 124
33 133
33 138
33 140
33 148
33 184
33 191
33 195
34 52
34 96
34 100
34 104
34 110
34 122
34 124
34 125
34 145
34 159
34 165
34 177
34 180
34 184
35 42
35 68
35 77
35 83
35 90
35 97
35 100
35 104
35 106
35 131
35 146
35 154
35 162
36 37
36 41
36 46
36 54
36 73
36 74
36 91
36 92
36 101
36 106
36 117
36 144
36 171
36 189
36 197
37 47
37 58
37 71
37 75
37 109
37 134
37 136
37 138
37 139
37 179
37 185
38 54
38 55
38 67
38 80
38 97
38 104
38 105
38 116
38 118
38 124
38 127
38 133
38 140
38 146
38 150
38 172
38 190
38 198
39 41
39 71
39 81
39 86
39 87
39 89
39 103
39 106
39 130
39 133
39 158
39 164
39 166
39 174
40 47
40 50
40 80
40 86
40 94
40 95
40 99
40 110
40 113
40 119
40 120
40 153
40 165
40 166
40 169
40 178
40 186
41 51
41 86
41 89
41 120
41 129
41 147
41 156
41 164
41 181
41 186
41 187
41 197
41 199
42 48
42 49
42 70
42 85
42 92
42 116
42 127
42 135
42 147
42 150
42 160
42 178
42 186
42 198
43 65
43 86
43 103
43 104
43 123
43 129
43 137
43 160
43 166
44 74
44 87
44 93
44 124
44 125
44 129
44 138
44 148
44 157
44 175
45 61
45 66
45 70
45 74
45 86
45 87
45 114
45 126
45 133
45 135
45 179
45 180
45 185
45 188
46 56
46 62
46 91
46 111
46 113
46 126
46 128
46 134
46 157
46 166
46 181
46 184
46 189
47 52
47 65
47 69
47 87
47 99
47 102
47 109
47 110
47 112
47 116
47 126
47 143
47 150
47 174
47 176
47 182
47 183
47 184
47 193
48 50
48 67
48 72
48 76
48 84
48 96
48 98
48 100
48 101
48 110
48 112
48 132
48 136
48 143
48 144
48 148
48 151
48 164
48 173
48 183
48 186
48 194
49 60
49 71
49 82
49 89
49 92
49 106
49 111
49 116
49 120
49 146
49 161
49 164
49 177
49 185
49 188
49 189
49 195
50 59
50 60
50 76
50 86
50 93
50 97
50 99
50 103
50 109
50 114
50 118
50 128
50 137
50 138
50 148
50 169
50 170
50 185
50 187
51 53
51 78
51 88
51 93
51 123
51 127
51 137
51 140
51 148
51 158
51 181
51 187
52 76
52 77
52 122
52 128
52 154
52 171
52 180
52 183
52 189
52 193
53 57
53 74
53 77
53 79
53 92
53 96
53 115
53 117
53 137
53 146
53 166
53 179
53 185
54 62
54 63
54 73
54 77
54 79
54 84
54 98
54 115
54 127
54 144
54 159
54 160
54 175
54 187
55 60
55 92
55 102
55 145
55 151
55 163
55 175
55 192
55 195
55 199
56 69
56 70
56 81
56 98
56 100
56 111
56 115
56 127
56 130
56 144
56 154
56 161
56 165
56 192
56 197
57 62
57 69
57 74
57 85
57 88
57 119
57 127
57 142
57 152
57 164
57 166
58 68
58 74
58 85
58 88
58 91
58 132
58 169
58 185
58 192
59 69
59 73
59 85
59 123
59 130
59 141
59 145
59 146
59 156
59 173
59 194
60 65
60 70
60 80
60 84
60 90
60 93
60 115
60 117
60 119
60 120
60 121
60 129
60 144
60 160
60 189
60 193
60 194
60 199
61 77
61 80
61 85
61 106
61 122
61 128
61 134
61 146
61 148
61 154
61 155
61 171
61 181
61 185
61 188
62 70
62 102
62 103
62 108
62 116
62 117
62 118
62 127
62 130
62 137
62 139
62 146
62 148
62 162
62 163
62 169
62 173
62 181
63 72
63 105
63 107
63 115
63 121
63 127
63 133
63 143
63 145
63 146
63 162
63 163
63 168
63 188
63 195
63 197
64 65
64 83
64 103
64 105
64 110
64 114
64 131
64 134
64 136
64 151
64 152
64 158
64 181
64 184
64 185
64 189
65 66
65 103
65 123
65 140
65 151
65 160
65 167
65 170
65 175
65 185
66 79
66 82
66 86
66 89
66 98
66 109
66 113
66 116
66 119
66 125
66 129
66 133
66 139
66 148
66 167
66 184
66 185
66 190
66 192
66 197
67 73
67 90
67 91
67 114
67 118
67 135
67 145
67 152
67 157
67 185
67 187
67 195
68 71
68 83
68 93
68 106
68 109
68 111
68 116
68 117
68 136
68 145
68 147
68 149
68 160
68 165
68 178
68 179
68 187
68 197
69 84
69 85
69 91
69 95
69 99
69 104
69 108
69 114
69 167
69 169
69 199
70 72
70 80
70 110
70 129
70 131
70 165
70 169
70 177
70 181
70 187
70 188
70 189
70 197
70 199
71 72
71 80
71 84
71 88
71 90
71 93
71 117
71 122
71 139
71 145
71 147
71 165
71 171
72 123
72 126
72 154
72 163
72 172
72 174
72 195
72 197
72 199
73 75
73 77
73 96
73 121
73 125
73 138
73 145
73 172
73 177
73 191
73 193
74 84
74 91
74 99
74 101
74 162
74 165
74 190
74 195
75 83
75 85
75 90
75 109
75 111
75 116
75 142
75 151
75 155
75 160
75 191
75 195
76 78
76 94
76 106
76 109
76 111
76 128
76 132
76 149
76 151
76 154
76 167
76 178
76 182
76 192
76 198
76 199
77 80
77 85
77 109
77 110
77 111
77 119
77 128
77 132
77 134
77 136
77 147
77 160
77 161
77 185
78 81
78 89
78 110
78 120
78 136
78 143
78 150
78 154
78 165
78 167
78 168
78 169
78 171
78 172
78 179
78 180
78 184
78 192
79 92
79 106
79 109
79 122
79 123
79 129
79 133
79 155
79 193
79 197
80 85
80 88
80 101
80 119
80 120
80 124
80 127
80 134
80 146
80 149
80 157
80 199
81 82
81 85
81 98
81 99
81 117
81 130
81 136
81 142
81 146
81 152
81 173
81 182
81 194
81 196
82 113
82 115
82 123
82 130
82 138
82 144
82 146
82 147
82 155
82 157
82 174
82 177
83 91
83 93
83 107
83 109
83 110
83 171
83 177
83 180
83 191
84 89
84 111
84 131
84 145
84 161
84 174
84 178
84 183
84 186
84 194
85 89
85 95
85 96
85 108
85 114
85 116
85 119
85 142
85 146
85 153
85 158
85 162
85 169
85 175
85 179
85 193
85 199
86 92
86 120
86 131
86 143
86 193
87 92
87 95
87 97
87 103
87 110
87 119
87 136
87 142
87 145
87 150
87 155
87 176
87 178
87 180
87 184
87 189
87 198
88 91
88 94
88 120
88 121
88 141
88 147
88 173
88 181
89 109
89 114
89 115
89 118
89 120
89 153
89 160
89 161
89 169
89 195
89 199
90 100
90 101
90 107
90 110
90 133
90 142
90 158
90 162
90 163
90 178
90 182
91 93
91 113
91 136
91 140
91 145
91 154
91 158
91 163
91 164
91 165
91 168
91 188
91 192
91 199
92 111
92 121
92 134
92 140
92 142
92 147
92 157
92 161
92 167
92 174
92 175
92 197
93 94
93 98
93 107
93 138
93 159
93 171
93 173
93 182
93 188
93 189
93 191
94 110
94 126
94 135
94 144
94 154
94 158
94 170
94 177
94 195
95 105
95 138
95 181
95 197
96 101
96 113
96 118
96 130
96 150
96 160
96 161
96 174
96 180
96 189
97 103
97 105
97 121
97 125
97 133
97 142
97 161
97 164
97 182
97 191
97 196
97 197
98 106
98 109
98 126
98 133
98 157
98 177
98 179
98 181
98 182
98 188
99 104
99 112
99 118
99 135
99 146
99 156
99 170
99 171
99 177
99 183
99 193
100 101
100 122
100 123
100 131
100 142
100 162
100 178
100 184
100 187
100 189
100 195
101 111
101 125
101 130
101 144
101 165
101 166
101 170
101 180
101 188
101 189
101 194
101 195
102 128
102 144
102 150
102 151
102 189
102 191
103 110
103 115
103 154
103 166
103 174
103 178
104 113
104 115
104 116
104 118
104 120
104 138
104 140
104 141
104 153
104 171
104 175
104 191
105 109
105 119
105 131
105 140
105 142
105 169
105 186
105 196
106 157
106 162
106 168
106 180
106 184
107 112
107 126
107 131
107 142
107 147
107 153
107 159
107 165
107 188
107 195
108 109
108 110
108 112
108 120
108 122
108 134
108 148
108 150
108 154
108 161
108 167
108 168
108 182
108 190
109 120
109 131
109 144
109 158
109 172
109 177
109 180
109 185
109 199
110 137
110 147
110 150
110 153
110 159
110 192
110 198
111 140
111 174
111 176
111 188
111 193
112 126
112 134
112 135
112 139
112 140
112 152
112 162
112 169
112 177
112 181
112 182
112 184
112 195
113 124
113 131
113 137
113 145
113 154
113 159
113 169
113 181
114 122
114 134
114 142
114 166
114 173
114 176
114 190
114 199
115 121
115 131
115 137
115 142
115 143
115 149
115 156
115 181
115 196
116 118
116 128
116 142
116 159
116 167
116 171
116 175
116 179
116 181
116 182
116 195
116 196
117 121
117 126
117 127
117 134
117 156
117 164
118 120
118 162
119 144
119 151
119 184
119 188
119 191
119 195
119 199
120 143
120 151
120 155
120 160
120 175
120 176
120 178
120 183
120 199
121 129
121 135
121 140
121 141
121 149
121 161
121 162
121 166
121 170
121 176
121 186
121 192
122 150
122 159
122 179
122 198
123 130
123 132
123 136
123 146
123 148
123 153
123 171
123 172
123 189
124 128
124 135
124 137
124 152
124 162
124 165
124 169
124 187
124 190
124 193
125 136
125 157
125 160
125 166
125 167
125 178
125 184
126 143
126 175
127 159
127 165
127 172
127 174
128 129
128 134
128 139
128 141
128 179
128 185
128 192
128 194
129 134
129 145
129 150
129 156
129 157
129 169
129 182
129 198
129 199
130 133
130 139
130 141
130 186
130 191
130 194
130 198
131 133
131 142
131 157
131 192
132 187
132 191
132 193
132 197
133 134
133 139
133 155
133 158
133 159
133 187
133 191
134 144
134 147
134 148
134 149
134 151
134 167
134 177
134 178
134 186
135 150
135 152
135 179
135 197
136 145
136 150
136 151
136 173
137 138
137 139
137 141
137 146
137 157
137 158
137 160
137 182
137 187
137 189
137 190
137 196
138 153
138 185
138 193
138 194
138 196
139 159
139 164
139 167
139 187
140 142
140 146
140 155
140 182
140 199
141 144
141 148
141 168
141 171
141 188
142 151
142 168
142 172
142 175
142 183
142 195
142 198
142 199
143 157
143 164
143 170
143 185
143 193
143 194
144 146
144 152
144 153
144 173
144 175
144 189
144 192
144 197
145 148
145 152
145 191
145 196
146 154
146 162
146 164
146 186
146 193
147 159
147 164
147 170
147 174
147 179
147 181
147 184
147 186
147 196
148 172
148 175
148 179
148 183
148 190
148 196
148 198
149 151
149 152
149 158
149 190
149 199
150 153
150 171
150 173
150 176
150 179
150 180
150 191
151 154
151 156
151 160
151 165
151 175
151 192
151 196
153 174
153 187
154 158
154 166
154 186
154 188
154 196
155 172
155 182
156 159
156 169
156 170
156 176
156 187
156 191
157 159
157 163
157 177
157 186
157 190
158 180
158 181
158 194
159 167
159 174
159 190
160 165
160 167
160 169
160 172
160 197
161 170
161 174
161 175
161 179
162 171
163 166
163 186
163 194
163 195
163 198
164 166
164 171
164 177
164 182
165 175
165 180
166 167
166 179
166 181
166 195
167 189
167 191
169 179
169 194
169 196
170 171
170 172
170 188
171 174
171 180
172 173
172 186
175 181
175 186
175 193
176 180
176 187
177 188
177 194
181 184
181 194
181 196
182 199
183 185
183 196
186 193
187 191
187 197
187 198
188 193
188 194
188 198
189 199
190 192
191 193
191 198
194 195
194 199
195 197
195 198
196 199
