56517
59799
41121
62555
56757
33643
45021
58365
51661
48567
36751
47477
56471
64911
37059
62845
63303
51117
45623
38741
2522342955
2493900019
4012293711
4102147835
2982885235
3970878825
4047525305
3612247555
4052903219
4145851801
2530426751
3572575721
3876275751
3728694777
3404690433
3531451225
3694738397
2656470979
2149244783
2384663647
13735796002281676999
14310260176365416025
14256331602474582805
17490784102544701661
14481975336352111487
16194581791458925085
13388369873121521961
10274549014183291387
14910571055952252123
11955967782054583207
11600189632129790437
10186417792844870081
11715229317521267233
17147507823226193959
14018998443484930791
16915863373473983449
15197665038469956811
13766810747009683013
11648659780512239335
14623176898799790805
