64081
41611
36739
50459
62047
61717
62987
47623
54713
43117
53897
52807
60773
54181
39769
54217
44281
42467
64621
63629
3365436401
3610774309
2637045773
3565999103
4018186259
3096327097
3684700729
3265474363
3783061159
2511597827
3443339869
2547735523
2702472293
2510197721
3025690973
2295018511
2970307213
2913431803
4052500909
2864838131
12104403995879443333
15848841197902102711
10126081667900491493
18340161597184087961
15010250028783758347
11013153185790454703
11848031674010852759
9430596084152678999
15507157281406474553
12443258892274379621
9230144725436108797
17818613000841701093
10729683509467612301
17312192403931183523
15168207089473609133
13761340390124148077
10224563348130171461
16027426597216188857
9925427695603754507
13356050625836633293
193836631117020223406182701570753721051
188234256486020251696225609134454518779
175488699919469171219629887901956598447
295264176033531429205678388909921249129
198397435761258167957840399361707819887
326404270746942629652131087166868944277
219557803153503525631447158224436226291
180359402115863097706060322191388935987
288964999624089667600474635758280884623
225015104993283961332841039207179137149
303944463657253066203707731875371693917
216361113202810768040335508712455295721
180932218903704229598518717141943478629
182229296487042345767241203663968471439
179610356204990486911931911142849399251
282336724570278422630717569095045232043
308387490933679423386443934207241966081
180203501687821309576735993679248510303
242319404258202638888979231294744624703
292912333117760439168556465370656791859
101260547180830628556288696065434500171514458988249031558793412646813554478729
69914754022314471764709411732128807546541918922799802030233774143977861468583
91980497760149846497186732837363551602210837255455465305224719500201004454047
115342742643835943358155043434086352297460724256713007640972589483743242173291
60313465372224007720655237192958463859796166891398103193002001403244433297221
99397508779437385155641613547405528750073141748057232355390040230607313003687
89005238443492268179828792462415824732925443694718114350118463117902884376277
78713190626363209436624116253451669050160890758133042396383249026837691228391
98369210461167825762758684937994505120978082764708021872445570286391891448839
98669273176595448448893834715300078312818082179810636235572982355267532488239
111599455145885630260360801430919474656672652972473198098404840246398962282427
109664921432544223117888801858247059116219902733467749830051273011632849715543
86203426420666042223398067609292759532188052468900644370893647159762779339627
60729121434787054040146766629230846416276765464336438928678287912689895770067
98404279657851637253013479763149806530704700571857167593418273324055953236961
82295921024849517737582834254494413448135102672425512149943955217796294165859
99732421218141148291402233042185671968104382965913859728110226873009481103419
70284089013758092195000204871225265922114147760983367327417350784380262433899
113817942578549222001173818071671565269238783885049937452090881053612883466763
81342852453079801168660043246395765325166205493653251281943340368901582039237
6952977736507971835591327528539333868419889162504200140967232837656864455659443821119481192507796910293084864608966337897574072962537070298340389522872159
11016625841419785731085449343229104660519475490184951732459287368087637528316963704398753252369860607538096156317074087257061061751620127142995789756336251
12405569800682042681477262965463909278024839131876981496319587733260477778474206512385601674973236344968567397076468930374382762319859912344831999733688687
8652867359016306146421858282936226006162929036855520081410174659876096043103827367322554696721898309378560025211023411943612577906202421140193907248477369
8343429233613363365480987962379245196021276831252725712903206255941484388198966937418386180920368456959194267873768910711088606112719454930115299530836563
10394994269988476311339157528608919143275872093510929794372083274162118320416817747111494267365415396006645448329777757515687939073131238787290282433857127
11156563460923334117351015471093536120334578517747814535771628288259426763833321846973025140762264862574429509428732322640818996634618232119473691339844231
13013291192818676862226358912989003936507067480196513644863611187213394604495869010311454108429071166088721591509978574062783616932533084589983056288241319
7764709303698268383008550554376838558334511247652185485347426963238394690973997810073881496239913564525437127649806069801064609450667614582269417426354501
8350064591780449397944074570081003364980180433355256927636978156568703467571539372371244731064461820223638743500011109435700158010575743555953771372354853
11519991403263449647410914130678154316446029102170110845247424967103877224675064105990908790808195619440441366057019567108984134675302082020744391077825059
6755759513748691860639973722662695483504196442139377661224904285719618348210289235994034586238668752610094539021605682966350296121423908601282242519721351
13074064958191286171799358797823381897133015669343414744365059428926446968431256685824775829197613677320407751590695132675976708664720019317353867201459483
9275375909274027900023818059033596701716386319038849679422058200629791268553494363396234506848558962654770148520458057859128327936571049979334966013696827
9519179049156935825938308895981320939691469153462709227650755997276445782725673248527413476345772487000145745139338897403093730031316856618268805124630253
11552439369457710643903916927859893530133948711531531218658008918005692291193193706964132708085610713669513325950398121899449508813362453366953262669974589
10778369440736830405379736972534840048115685833219389141051749124423477465638721607706909114228877571575516952406265985309887037495538991473872539132403817
7732870248981316608935190180567187196158904761666285853804282575402962073238313492378126881765172067193423467281418749880129327988286631789465058617002719
9698191470348884536029955836780017294492666580608208289675261117538555774004570721871737223124790673704381767451039917884347498890594310596320383087985497
11795518308560687066267629384675322957901925377198421638100197871925875648176165606742656167928984141992590371383296375620951345254870808123990927982156801
141577455479150565875025602751846196595326757482060427265481113051212562131723884276474870933161016073010226772021204592955893127817983669436940091809445494462702596587833185515203106065189007540895012957636163664278669456654225096421311499269793801859141057760606178767793935699470672398001612177181569140901
150996830314143706030255994645058288736788666622867862472015383924467850955354752111022473460640761033803963226069470696624904899654556836027154772575242780786745474052694758684421663659224779860264509504013007394874875566664827159057822384928530526602175825797593246155107882192768150973729201441149717341159
134004019820450010833911192296516600687234034938700263803575392213333536567270222548740251494797735830330422914792575521907445744797661616949089218684903429183462711013051006928460874592066864269448594650207557682289207113534735713187135462374967885060748618307866768595964793598688492842849927820723401746827
150668450180906886810660580556261201700346792657355094282346663560887811298227080399508166916417896730104861087331587556211205007004826102665693966469684119123672055541254417756296044341724992482564605466116058041822729656505868670670437058351794016698709436155736858779648296378758583935390725872004339867977
141661626231376925332250394846944417593776088997158413286460529074580240740706395940164368367016811223161093701860729838834075002365383339929445349486302531068529749320899911938259068660771420527419504502206848144339576927293062973990938165062619316453591264581367612341655410219742172537386794405791037271397
98225104672491464659149904590142341975868824081832180980716944156206456403792273200947710511029235757519850431900799767155274715183751023352567064265752351834359129746319056890721918717705006448735574399996157927896937090117256201413748699679010099043727465774979134456290822140263370847040477763030008785341
102232086245835292686569444401260590724295767625031398687271252267616318417862843632671905850853745061719199069550149580664215923374788330107931740658699025686088188641857787714975471021347143600408364545525590805737397720738668971345370551238454874709040232250783624360765883291786761468808075873332003401853
159400936473653724134842789758286712129406788895129773428435915550645855974055212097904504422314398701424420554930577927808190832232673417332762418063356252456168231759201774823706186678835711436304411914451436087689279737913800397679457719871509473140879124492055582278322534274176212956838616195070556067117
126368297355392940202675961407656081984698590342351778299032828774204838013204892796872189653273550515506821946640515092318352244853475969750433442980272323829511825113728624313018368096656228896042207410280581089023537529370400564453721560536836767040758823330208911238281782009247646800042940446814052930253
149367593944417824920691837671376180129708716136820608136381352094719991937108436726740189347495754275582784273408015351214360731493167063538329694866555712604161343621233027393522319519320343155558307038507960090421466985028664139270657420953413972495619945047057108719682129803294059663401373003615460046239
138331927640118207988888142676842456020323903779492573120780685070462616448023269364592397135557578032610135312004876146491845096689340330342679584212500833876958369039241959242161551242302010769045515304564154773092067729311305541607676395075658414045458383515729540581875285400482487370463277951555372038353
153657919285886827051391056702768178596553529424096641532468977696064271560837871931832651565705503878506547165634206216789494172858781446258784104562092624298310478257929867875525444449132340903830607153035643857252845830564308025192506576236017598290599741357002880476129826970215876584436188355351848627337
148685432414988297872456948223015438556870097505565231976921334029300608893751730394379215663010641596675032526348498608954122901287715099965469655428566747320682869440165894769249323828728496660151507840343384884449848623453321751586151759486225309546430340020615790798160977885107515353620830345594586946427
133766782045790453783622417375191167671003077891543891537800303801947794664121381789082920096962314271261954500049182955244627030291181760620557534239025952661172620739807526914889055342198741328428465550477180030118703632346437040735112256543405581204928546901239834124298135373295476172495912295943690243257
122213944131560874185572932413018672023207713076870218323350456779538467309883443563258849541821200346981817509818574523969152801061219267882146919870726715583805049406461024229014227066123171568813630405044802694327027966248156685216191459742416785888667439431501230709385567893522378498312601459727639543287
147763794159619448162324746952774906139017434944859140934728888960680788956069878010287594446314753851073312416295739676252840834466294860288615574005768069640615525545830084180873424222825987098779205986045769738268381273498486532627856707034228092763715576409693654406507239007495771422427225942599010500577
132651446433227191004784938822842580602171024674968248809326494400892686093755099688407586839685288942915916504008255771422875495736727990914099982988937572319972020790260614781499452219391988173077110613217975240572283541637645097804887432152908998971582275034616025339320652859937576513165364710524754271789
114544727293865960161620983931058774362513341491008815185702876917344160760244603811978232629942587275060054812975987715273246872091233213775936612967230152544463774015493505698837951676304481050547802558324259694800472306784229357380146171062018817101554979238037598462780238452660871644169384092238458116007
154458657003061637603721530677310868919689680494433172236021533992199841268154387617176067343926537498405590964032769109613082250859375354699188838709549638114012418079475437778734019823608450233005686740706340712053801258517357469298409156799345492653464366163194051044638174061299505327932918377181881856667
151345677296614458545487080154718308650969154614304141129876142874624518524486721955583910284281458245264483958781709944156410305087447144436458202210252651560806025433670994577216341887250029158069268874970116859630407946665934270709353297326334339335189794120328079481603087895554961389150474598157484613713
