971190
-999963
391390
808491
-998749
-392635
518444
264749
157025
667797
-952461
410330
-900791
504631
-785771
765430
947667
159923
740898
-954232
532007
140099
-693438
-456998
-458197
-449890
-375812
515474
-981412
-559186
-491244
84862
352549
153474
-144214
-269464
2957
-943875
716236
-320975
-419991
-500145
549524
35006
-607317
374457
-464989
351031
-67753
-408082
459995
464856
942803
-837107
-751350
-164176
-506836
-619738
-956462
-334370
-702540
546263
-807225
-701349
-665560
353883
796134
-233571
957161
61184
-793570
433744
696031
-35375
701984
225290
-712685
-827853
981900
-551670
271503
-584187
-626041
-862886
-665421
33826
109409
970917
-3129
747667
-893662
530694
699680
-709193
-60361
-284768
-286214
7719
216213
65745
665600
815122
234360
-755485
-873374
-53774
270767
804250
-576154
340953
-283783
446289
631922
-477150
414465
369219
-886865
-55406
-733980
76388
274607
-205278
28370
825130
-720213
630919
-818928
70211
-721986
-620597
-966726
574938
-594133
-714457
892443
-887282
-995727
-758227
-855753
-56291
-952580
388590
298167
-274921
-497858
812480
596341
-184004
229354
375527
-357064
-279308
517303
687911
-222956
62163
-696259
-438600
-742526
-91574
146700
154399
683180
725096
-665323
110125
-348477
-6439
-40654
950802
-58164
761405
-287837
630998
20476
-573246
481723
395618
425374
862279
556212
-90855
106050
198717
859398
-942863
-823048
-346258
529851
307811
-110296
-560039
-331163
-258878
-708815
80164
-626870
607990
-204793
469033
-804351
405875
-407641
608799
555048
-573190
607097
-398086
316559
19483
416173
928528
675498
535212
357867
-380569
-193276
-124407
-274317
359827
786152
-620563
355331
-770139
830560
-457437
734908
-407312
-6574
-246883
410934
467324
58356
812876
-27353
-212636
-138523
-355584
-167583
-149415
908076
-481754
716078
503474
342095
-636811
-85800
673809
356474
-650938
-560683
-540747
-114626
-913116
-987227
283233
411309
-521279
945875
-706314
-422701
-539926
425148
-399315
28815
-962479
-714760
650611
-972161
-217420
-59352
231005
608374
189657
378166
473634
-902330
-327786
811687
-720918
294140
-156664
497257
-622746
507179
-933318
186700
698582
-242841
724089
-900008
627500
-307580
-753488
-450201
336959
-158216
-382733
-504858
322628
-322166
-73762
327857
867147
-146202
323510
564805
-349947
370779
357318
869027
-338690
-699164
-215489
187395
892586
482006
193991
-474548
-194212
-756387
-103232
816796
276374
-238832
969415
88603
874991
-200092
-596498
96360
-591936
-288154
292707
312836
841098
-629718
-179340
-308755
-904980
-851862
74742
-706757
-820441
-747769
248095
-911560
-820624
875151
593267
-347471
-343578
-854106
718541
-742308
440562
92649
458089
-247616
913105
-674228
-288007
-286233
788238
-683014
-823661
505351
-106586
156907
-340518
440454
-531970
-269564
-997224
8709
-931508
-248231
-960521
-570100
412125
250608
663520
-416008
-252153
394338
-330274
-425683
-926508
73424
237692
691937
181148
-498710
796205
612748
-6621
-872901
658672
-45411
-548112
730428
-788848
-700649
553955
-954271
723288
859336
-617034
990055
993147
475552
615833
661566
-860963
522861
-458686
735481
768581
-612254
177129
-427084
975238
990124
-47980
-285267
-977673
-722967
-823886
543005
-659129
-752692
-877471
-775341
927711
-580193
610965
-836921
-321496
66968
-633897
395456
-313897
-187302
-668855
962769
107185
-808529
-55591
421158
117578
717399
121542
252427
-715385
974035
177631
-300387
-241022
815602
612023
674972
-207551
-345686
-930709
663160
11257
930957
276461
-720436
305345
-515577
-861493
-519771
24704
-994809
970848
-896448
-394322
-509775
590575
377759
-83331
836719
547345
610647
688356
80173
689324
713010
913729
-505830
969406
953705
-495759
-820278
-846735
954808
-330010
47257
-493127
-606268
-915890
-396029
288633
720974
-475569
405732
-598765
842034
446185
554692
184127
-889606
-296997
524383
110712
271443
878252
239378
-577890
110788
-780948
516450
-724787
-543610
156051
-187672
-186532
378715
-388533
-408895
-828006
908172
-243636
769709
-8463
934437
-291342
-168364
47022
95036
542283
-720395
-287246
-46019
-240250
601787
-771061
753565
-377126
-804456
391361
796084
-557774
34045
-684911
-115762
764710
-810025
620943
736847
-123318
822376
431568
130359
-718960
-439020
812774
-631898
-926020
-468639
478073
292407
-907627
749608
971538
-134239
-7881
114197
435419
999821
-41018
844303
962990
297440
-539025
487166
439324
-150864
912085
-246158
-910234
595169
-127583
73288
-202815
-308429
-205458
-71999
-297769
984345
-770912
-764246
3449
549448
320589
271321
984483
-870348
968799
809797
-329914
67092
-179959
-194416
-726425
-595417
-600118
-710869
67252
-728328
-995491
707304
790038
173408
-701068
821637
417422
-633468
924166
-448476
470065
391892
-848473
-327295
784601
533426
395103
927005
102308
40864
111260
63003
-200743
791991
247184
584653
-284028
-878596
-205885
997165
-751720
-372572
941706
348010
-928154
418756
631822
19704
251732
-622089
160059
-470521
440068
861804
694086
120421
521129
-394016
544331
-192199
742678
-690688
-408159
213975
-172134
-636598
425082
-319467
386934
-45701
-932140
-408381
396726
-282487
-592042
-74782
-788910
-227248
952221
696903
-317921
606832
-119060
846895
-503402
966968
-531767
-707658
-437456
221746
-998655
-755820
689917
-115509
823635
16685
-850869
136911
-778148
-659997
-236221
-679699
426463
-733806
-444469
-300170
-279174
123220
-500334
317359
-514814
123210
946279
-840292
315298
685060
757695
-248382
-929351
420304
-544627
856129
319971
533194
894625
876960
457697
-952717
270591
-308110
-150732
-482982
-853950
-742680
-967233
-548499
506157
-45623
-859856
-38282
-591482
-638402
-60413
440036
-524613
-328215
-926654
-113524
988874
665264
-755913
-207685
678581
-376536
712174
-545886
502324
975467
-641390
662909
405670
31038
991758
-161750
296301
-841899
792678
-299654
-961095
276022
-528092
-269450
-533375
-751661
769377
77307
398273
-394938
297781
-717643
838552
-905538
510594
643008
-286907
528062
186971
160274
445734
-308868
-870380
568692
-906327
289286
-548582
-75005
416685
827567
335588
-406492
-7876
757408
755494
534996
-635644
21508
251775
-999402
451354
-221219
-748564
801842
-287296
671238
759207
13433
896063
601097
895278
-668948
-886335
699535
-308106
-154488
884638
741035
493875
-560768
131115
-171506
38790
529205
282567
837480
-285028
817860
681634
232986
-763708
-656556
-575476
775258
736863
680104
670812
-285093
632771
-469008
-226479
892832
333632
165600
213443
699973
991268
559673
-623465
-493992
677392
412093
403293
749649
277727
-618142
-594963
-379128
-334623
70539
-913354
-902458
439993
329108
143597
-575941
-805179
-898688
-421773
894485
-774841
546334
321958
869630
-176170
424332
-127680
-406292
119628
85881
290609
213496
-875616
911534
-8795
559137
-338907
-932683
-21557
-571983
713484
-848985
-95742
328332
-279888
976946
-731062
788889
490009
483672
-236814
-305030
404367
858774
-683813
566149
149575
502631
957664
18971
-379854
-643825
519556
-328911
299815
-886822
-253885
-957678
-137808
-987685
143183
-930571
-917714
713423
69972
437890
290517
691070
278827
-435083
-364895
906901
-12340
-490540
750210
-814448
-202509
640816
440817
534487
836217
642100
-944206
-677635
613532
-642928
867888
-576090
-830574
167062
-890248
770619
231834
715111
940369
-432628
-357552
-836301
736676
396642
-522612
307764
-406007
-147833
-854515
507892
-27346
784680
-588745
-951993
77435
-264605
38675
-748826
-525864
-864944
-218886
-850558
742320
263754
161192
537823
172259
-532499
339629
361822
55727
431616
165638
777974
93472
-941980
-857394
-692396
-110182
710961
-948643
-832867
-793284
-632496
-483458
-334945
-781710
-347707
-954688
-575428
-228022
-180569
-674232
766478
-212203
727796
-412913
-63502
360267
575085
993370
-361298
132718
-203000
673713
863866
926313
-863952
-890831
-285037
-433051
80442
-818938
578160
536727
158751
600802
682287
-853937
655417
239407
796165
285660
565737
-378411
295297
59689
857509
-977572
784193
279995
-721498
-863169
578520
161028
736551
597694
-511633
-660099
-6162
437521
896079
-982484
-734329
-647328
545896
-492451
-25817
183134
110140
-470072
-160725
-218529
-599485
-620623
598483
283461
574344
624259
126990
811504
-278651
-726429
6840
-951278
196094
-890486
579677
-151653
-385907
564082
-485037
675723
-722219
469802
-429529
294275
-843469
90383
147678
-627890
-758153
216029
-18244
736265
-839084
481375
296331
237875
306259
622361
998699
417189
241064
314005
311246
500555
156071
-456586
-553333
-313277
-313046
858611
549723
-991615
72298
-470068
554619
-951561
-734688
767066
-691778
-107850
-50134
-609836
-54831
81087
-729446
-578949
675362
111582
-51837
-245838
-231679
302349
39641
963582
392954
-650403
471728
-741144
-38616
-143520
516502
23109
-445738
115522
283098
-887413
-943096
565825
274371
647507
-862232
-823716
-378312
239857
-612219
272803
282329
366229
604568
888082
885775
-986134
-271396
804708
-295161
-873554
410960
142066
-650246
-135236
162813
545922
-925110
831252
839205
-420173
38016
-182682
-910184
-830141
-155921
926346
-753724
247450
20463
604472
190533
789494
189082
-219853
-313580
529431
-547548
-525183
895493
-638954
702654
-879302
-41628
286206
458064
-250893
-857356
65528
961337
198588
-873192
-975344
-566555
-396028
81046
501579
790751
550562
186367
250113
-794974
-875859
-569410
708448
-344564
986770
714667
-146804
445142
688093
971767
-676721
-482159
353889
-729296
-529874
39537
-83422
998268
820835
260634
522841
-540054
442187
933005
-357364
535902
137848
-557994
-498924
-826411
-755301
-249928
-200029
721132
324244
-562929
856155
688758
613721
-651644
293020
-824014
-245171
-34312
200060
647460
-886852
-121736
535706
-195543
102005
54502
-528960
285654
575937
902610
-898979
606347
637067
-649993
-483697
-491442
-73937
678926
-543926
382034
-311976
476673
593905
-589719
836644
-772649
754186
-952287
-334488
-824387
-479715
939702
778473
-1053
100566
-634849
174934
-457698
-944587
276785
-779248
324150
-447852
171336
-897186
-314631
629084
-191383
-270392
173135
184813
-806167
633474
258125
393783
759100
841891
495786
2522
-504275
-489962
-4203
-852068
970090
-506078
141726
-793149
-690086
50701
-344687
341317
304077
-736000
57156
-148620
-768481
640665
462148
813496
-853397
-373655
981355
425110
887930
-669420
733763
824707
628233
-279945
-827842
-245231
-211198
394024
403842
-672278
-903880
-320855
112865
637969
-671899
871984
-594509
-94423
10834
-981091
902033
-52410
-403236
310787
686431
-804257
-876132
-89726
183764
-623673
963531
726968
-406060
488293
-112141
818378
993022
596550
218642
926878
930318
92692
-225913
-178498
855637
401874
-536241
455709
758199
-127098
817387
352958
-808786
-300879
294740
-679344
-647738
-995995
-124345
307090
17877
714018
230868
29048
-626520
590273
301755
482180
-303459
231438
-700228
-400721
-420994
-89852
-747922
55421
453556
-634181
528762
522309
-549128
-613048
-650212
-206345
312317
-430380
-562473
-352319
-902302
842801
-935080
405035
835202
-273227
-46083
-778048
-827724
994791
-439747
-325096
484498
-627534
-836988
-77623
89780
657965
-155149
250848
149609
-800252
847261
-241082
439081
-459653
999160
646755
-823895
-912421
287055
830472
744022
820049
-157961
-480507
821436
149206
-226134
191264
-199353
574972
-402241
253410
706032
-24100
-738020
-278513
33859
475409
-133886
876576
-594435
-210786
-675944
267007
-394399
-177154
-504182
-793466
-176708
-544512
-111273
-168471
-618070
-746941
168839
291881
429648
-623467
620453
706152
865550
-313433
-394856
-434546
-371592
-853288
-295130
80126
-852734
958808
-737464
851962
663551
-817929
494490
-219296
317320
-21318
-543035
176455
332342
486755
-991667
240110
-208896
-301639
228851
980904
586610
487032
529447
184555
-690796
-145537
-317577
93035
175187
995016
822828
-669156
625642
962587
-551985
737620
-7557
332434
64543
-231438
-379369
-115965
694687
88448
637445
869715
62003
-992737
-338371
577915
-153265
733643
540330
-785021
336215
-917108
-632718
-7473
434169
633708
-430006
829127
525967
-140544
-999152
-449083
567081
896142
573127
-232464
995883
-948272
-803573
836853
350383
-501408
-654160
-623433
-30936
-506789
977137
322284
897140
-388428
-217570
168482
325554
568846
578760
405939
586240
332191
911006
-13558
-337061
-691164
-305259
-151705
-755101
-84103
-928914
133454
488380
-354977
-123725
231647
-179034
632758
-284154
-196552
974271
-436437
735088
73845
-51612
-104311
76896
-635612
-282331
-529677
951606
100901
847260
-43241
-825443
766220
791057
-698882
865194
823367
846997
533099
-269036
35541
-71790
-534929
91548
187854
-464678
-399683
839996
334870
-80619
-161638
-799496
-18620
651485
-546666
377331
-735913
20929
-304830
-350130
-856661
866492
-141794
-883508
951707
941692
-557646
670048
-237428
648264
193834
-765120
-275614
44011
149336
428909
103891
-66747
-916890
-858546
991521
327512
82453
28382
-338260
413283
383910
719461
371528
973444
-462164
131679
561432
-83911
-519868
777343
-189798
-989551
805134
-957790
-511769
576374
-221593
477584
960223
119792
-401210
233237
490800
-615614
-36731
663730
-920828
951420
304314
-928065
-726986
-669880
-769332
-674572
544297
-129688
-449616
-870351
973450
65134
-78332
71166
789412
-181820
-418802
339258
366541
-945773
-894086
814865
-342392
993921
136588
-531221
-743158
767627
-535317
901807
515897
-538420
711307
-620693
-224470
411498
-841869
242935
-558428
863113
365172
556973
-538913
405439
607227
-45877
-703425
262927
208503
-425610
496483
493128
-185060
-827578
767136
153275
578856
-373184
471813
-537094
673914
-781420
354410
-732273
-477800
-462815
-141461
170127
836128
447156
200210
-592583
-486636
774417
-900605
-860696
683306
341104
-304479
834140
-496969
430111
-12016
-723112
637494
-991252
784219
-251167
-758735
276548
-452521
138606
-384371
396058
600615
-606444
-895914
575526
389484
-862601
335125
-421305
33592
651660
939360
649624
94446
226799
62426
661653
601788
-462838
-492519
-611924
102158
-886030
-155981
176976
-997453
470468
943930
-249787
-153974
-902022
622080
608134
757539
880708
-886215
-206861
776057
529978
-489527
-792217
81228
733651
657541
181098
8410
-851155
-120527
-572289
-743788
-93628
-296497
737497
254740
-398841
201702
-961061
770709
-697683
44513
185146
78390
630185
-620725
94605
-152130
-776607
-874797
-131216
-2106
-940027
-339088
150072
-125273
-996962
972097
725753
269414
348674
-354268
-788916
-947205
-859804
644082
-902412
-587599
554028
200984
460604
996210
-16880
207302
-866633
-562896
-317721
639769
194955
-174564
925778
506553
392914
24473
-985056
-33129
583437
219006
-982703
-974842
971135
-591901
496517
344944
484678
546925
-670187
459532
-358175
-134404
-47501
306529
-288446
-439092
-235381
42496
-569353
467880
314499
-615585
-691315
-839929
647976
582979
-257740
-616932
-957446
561761
-481862
871248
-772071
109269
-648892
-133797
-697437
-203191
72430
-248467
848352
744056
764540
507659
996043
79107
-631829
100029
-885077
-750180
591736
-579471
-437497
758878
-771502
775013
-92159
697769
115916
-589071
603209
156347
544890
561181
126122
307803
-468128
508268
-414771
-267761
554606
533838
-981085
310480
606939
518410
383466
771818
715262
-863091
937744
559863
132230
635028
-860550
171364
-411157
-617476
-614850
-486840
-89585
-372820
415406
-536582
-682848
56005
-27630
187093
-47316
-381312
482611
-160026
-2716
-821723
826401
-399649
347971
-415223
-411423
396293
-167933
174135
-698115
-119856
-883843
-406074
802055
549156
-913361
-296459
45894
-782123
612137
-183351
-467033
-168717
279734
-728102
91208
401828
931382
-886267
150483
-958177
384181
-832755
-566
71313
-683992
-787881
900949
19038
-779824
-349471
661078
-663570
-458597
242233
-54485
47067
-35063
-464163
345081
-235300
-454127
-853438
-277127
490965
-623796
-130566
706991
648799
672865
974120
710269
-187484
-954546
799996
66280
238663
-509030
-370990
-155532
-817525
-819883
923082
-971151
735917
-554004
265495
741806
-299421
-690945
-574413
286466
-757300
434684
-129436
-303236
-463390
892006
947446
207466
964898
393499
-178931
572327
-889792
-847992
-128495
-619196
-739607
-438935
-524008
-888247
-185296
-514278
386388
586115
37111
710451
-309177
194402
601040
799062
255511
-717178
417510
-982640
140765
148765
-561527
-111047
-96275
-95674
511947
286554
-518809
-462182
-103246
151892
109980
-299160
-40176
-472125
538647
-388047
-34643
685929
-396361
757603
-66779
-160756
-153798
-314960
267257
-921005
-289296
455813
-150052
699836
-949655
986192
-520387
-456698
-269399
-759931
95430
308496
522837
82539
-296408
-91233
459168
-122082
-646711
8205
87423
-525168
271497
-526812
-156012
-990931
770831
-564012
326212
368885
-222900
893323
-194390
-679874
-852908
-595378
155015
-854307
217617
-296768
989045
-233583
76509
-718760
76405
199761
12676
375808
-582694
538219
878459
-160797
915206
-120903
136263
974614
986928
-929268
-144522
249301
-497290
199055
303080
467184
-742990
723951
511064
-533289
812287
-201646
611639
716024
150546
-312534
465248
982658
-740157
661544
-254651
-864490
-633686
-464017
-954577
-136826
-104951
-982182
-304588
478777
471741
-279200
-470714
-292227
-110350
-809450
957781
-641606
259722
508468
-137758
-615523
-427834
864895
964542
700435
-789843
739952
961999
118669
-484247
-228546
-303743
-490973
-28061
72495
767931
-232565
694123
769117
676671
639597
-730970
-412581
-966269
-677903
-574251
170101
-296039
-849925
888089
-484843
-170168
239584
163577
35470
-308214
-714577
953392
42380
-826704
538806
-476162
-354646
41617
-6206
-668253
-810626
797947
13267
-201493
155258
-508677
49528
-486072
726098
853717
440532
750645
981953
-308529
-152595
296797
-3704
245829
-66207
603720
475533
-934966
326404
-525281
-682550
-629677
193572
-801409
227199
-469617
536009
687985
-396768
616446
-278987
597236
196923
808883
-432993
-275917
214747
-868783
-582233
-528506
-673094
-454034
-636299
624703
232080
-152465
-541253
-143800
-42805
-227885
-850371
194073
203600
-749525
-700971
-884382
-766369
426378
149765
-164508
625052
-628734
845501
-321544
-13006
754832
381025
305397
-158842
-191917
-239079
281600
21376
909611
-831833
632427
545416
-813262
-189936
410231
-671906
-817679
-405428
-95074
-331494
-264524
-271742
-974227
-399164
256971
-231894
-163145
436160
945799
-113446
384649
-158838
-985115
-527542
-273152
656602
-312309
618861
-209549
919734
217975
-317599
-568826
382030
790585
-635927
630237
-31462
47529
-878446
-648581
-10035
-939992
768744
-510301
484554
-942307
349277
214168
-853523
-648422
88323
-284333
-865882
-790996
92908
674585
-985424
345459
-285612
-981539
-526166
63709
-932884
-451136
-229067
-73430
-202927
-879706
817394
-216545
521389
-393742
763775
-933517
627146
629900
31133
-68972
-210967
502404
-786682
-669412
-12200
831732
375354
404404
-516349
751647
-89281
30056
298944
117233
609582
982476
-106757
-610776
-775640
-587827
324505
-1386
900597
770691
-696737
-766069
854357
343231
-120580
-792823
-799538
-363715
143539
519663
687714
-559214
283256
-107826
-937075
259759
-383299
-144501
453456
811147
-76736
729301
764448
-500011
-311502
268618
-749771
362546
503584
774168
-921065
-227858
394097
681916
-388251
-289039
533088
-795839
676046
-360754
-808026
157144
-862832
-503643
185238
644487
982395
-709750
-571732
-537141
-316350
-818315
-993800
531160
98238
497735
-247244
430731
469236
-651910
402088
-112174
-33700
-523779
-114483
-593984
490538
-519738
718140
41168
-163907
47574
-252264
-541215
-805615
-977547
532849
405222
-524049
792468
711006
-887384
931396
-95923
-178083
-601743
-151873
2515
-825448
-502547
639310
179730
-914610
837712
960335
-629033
385217
402876
651428
751274
598829
924625
-631004
-303272
-470097
218620
-964732
832039
-499851
-310521
122498
224448
321695
-49257
-73606
-715790
848401
-52256
146857
-976892
987527
649781
526885
104149
-539671
809508
278923
741857
17305
375750
-910559
986245
-778435
-657378
-822552
-583198
119675
864546
-270408
465580
714274
-737860
780934
30292
-659498
-933010
380584
-457016
-718324
290806
239646
-815271
749214
-494361
563553
45964
-696791
391193
207847
-693907
204863
708196
661657
365134
644516
-11986
-69281
10363
672462
606825
-258993
-254946
128856
131027
-800963
-57361
-382030
-978032
-825494
-68523
546711
-144256
-32425
351250
-809757
-534844
-380655
722381
116375
-133465
593619
118763
814956
587989
868298
-198253
-294870
-183124
-183867
-999479
-50930
106374
534406
576529
-552900
485335
-783309
-37942
-779138
-269381
388381
614338
-583238
-605638
-639905
-31275
401966
720459
663277
-543510
260742
599343
-637734
933499
352952
38936
-556768
294576
-739021
119315
486259
583280
800592
-935112
-884041
-281919
-889987
-248981
609385
504902
166213
869368
615501
-379692
187451
-744518
-95126
426289
-502580
-977057
-499484
-254352
-191065
822536
822156
838641
937800
732988
-104748
-488036
966853
-662427
-432805
-357272
214226
-355549
-448404
16543
341058
-966464
307321
-279104
636380
-980030
-95950
977711
363996
149512
605905
389806
196048
-796815
410744
-30899
-770088
488951
911524
42417
-243405
624052
-950071
-485303
-297262
504151
485806
-552829
-412314
121106
-665270
516446
29137
-218706
-77719
-526695
175023
854083
-299266
365608
-744081
956483
54952
4775
-541299
-537720
792169
86954
-133020
427392
-818550
-199784
-535986
-265559
75397
897355
-749429
102948
443672
694240
96634
-355691
284553
-311565
58289
-236528
-931849
859864
-204285
201441
453966
-958310
191819
-485023
121115
-516439
341002
-46121
-928349
946257
-300549
737971
418360
-91368
-714682
-270969
-926422
313043
542306
513923
284519
-61437
707489
109101
-718525
-787618
-56796
-611933
-47476
-73473
878274
189096
-352873
-616663
-264497
-671556
586468
92157
874930
-136409
-644154
-247552
17133
413393
290492
83644
-617068
-839134
-48860
346226
55156
-976336
-431874
-149686
17554
-538188
-53234
-644034
-940469
-781197
-478097
599834
-207295
75589
325817
-176928
-751934
-244181
-708632
200058
-978740
409546
-26983
638168
126711
123857
-733252
632601
-413297
802959
-347360
558192
-287991
791645
-192183
-200308
-524577
891524
798395
92105
446573
-194399
79666
792899
-517178
-259928
-661961
772116
559802
374299
279626
544081
56860
-256465
-537463
-737452
-494172
-392893
-503115
769757
654915
-848564
-253934
-16271
-267183
711375
870214
-958333
904339
-460580
-164288
509332
-79284
-357309
-48831
-89796
-425773
892975
-460970
790703
162903
-118267
576882
86549
458230
-140307
302289
-117642
947527
954771
30227
207402
983465
-297114
828741
850324
49353
-159754
556264
914729
-935544
544098
-786776
-357811
470118
643212
919965
381740
-842242
-873151
-392008
161623
-428713
-831788
905860
657979
493659
281884
827783
-482500
-587729
-170966
-889055
-744253
234371
903211
-687487
-755047
-278300
-54064
-416321
699133
-829281
-927617
465744
206494
-721436
50059
500205
-24703
-806950
-462792
-619894
-363214
79050
437326
-59474
-553600
652507
-940167
-637769
-545932
-215278
-711030
-556639
-968387
-439787
-880144
711484
-230747
384908
401548
-954189
-356339
-323820
844737
851506
265886
-434668
-51097
-436771
854884
985714
-629856
650097
-27235
-354485
172527
112679
812385
955919
-845084
-266615
-925482
905330
425277
684735
-867393
643000
142083
985184
-567933
-614067
819976
741890
386149
8502
544854
-909442
-910153
630429
273726
588788
-397800
-347595
-178924
-960321
-451049
41437
-162647
-539389
-798359
-554995
-881781
598537
438399
-468009
-146975
992702
-397135
493030
-892699
-120953
-688213
-463271
-315160
-57873
-395710
-55291
758577
-806131
-925023
-599810
482892
878178
757775
-96689
-424943
547192
-561472
-871968
487630
-267818
-792394
123844
-113477
-494130
-328615
-391081
250008
890019
-432958
431246
-525490
104743
746544
-342694
-185861
954410
-925266
-271215
-723689
-795521
-760964
-528415
-494894
-550686
-74238
-748155
397782
811471
291735
461475
112338
-502890
914796
208348
-993382
567419
-5436
-883066
-3130
855149
-5286
220624
-852871
-58528
-684320
-588559
935925
-301295
-491512
342156
804110
-850348
694917
105497
-880706
72279
419739
-648518
868072
866194
-38659
-784495
801046
884894
-325228
146009
439081
-976649
-929158
928985
175758
902362
-504426
-284599
-895030
302860
-663693
-526886
213337
-398309
-99152
-568917
187012
-194180
-521790
-540784
328412
-402922
-868555
982919
334901
-927734
-468142
-719973
611063
-949780
332994
298169
-927818
-611744
-720747
404178
447070
-42091
-533280
-356952
887576
-463535
-962911
-348561
-936989
441269
286848
206202
244414
181193
359369
285140
-975933
854641
-642594
28945
-691095
946128
501589
-154089
-959731
-107900
-543852
-192560
-515150
646373
455185
359077
669803
358644
-404667
808980
87978
-774762
-567495
-32387
-905745
986404
735212
994579
-847708
327852
-55581
-106560
981050
678540
-239527
295487
358831
110025
854172
-596609
703304
450275
-178521
-842781
638509
967845
-467904
-173744
-366468
6031
873048
-599850
558827
-67205
772818
806122
-853360
-863256
-848688
-79300
-358502
885701
-407375
-434121
-187156
-849870
795
-667004
791312
-593225
-332086
328758
-563067
664751
938243
-499583
-544811
-287332
358956
-874444
-38047
-926878
-40612
-284376
596856
-355928
-964125
-990840
712921
-694786
861765
845596
-593731
987633
620035
11762
710765
318057
679614
-39646
-105566
-759820
229439
603380
-493454
526575
-576000
202341
388694
232167
-206078
-452247
663665
904526
-362911
870515
135607
-192390
-121685
187003
628072
106253
-157093
-237065
-239666
858786
779508
-175138
-746237
506364
996962
-705140
846161
-609316
387083
-89755
377008
-410763
164536
125348
417695
888105
722101
399443
198287
-273632
833104
-344125
208388
805489
-302179
-107825
805020
-198956
-793522
87185
-922501
970651
-4076
601133
-249488
-495662
-156616
583675
923857
119433
713414
678739
708573
-958737
-359939
-307559
197838
845440
-778912
369400
-875017
336006
962320
-995601
-38591
373903
993664
67160
-404409
-348685
272178
919275
839966
-816017
810558
-378351
-806650
-57939
-621048
689672
955893
-533164
-412748
821132
593686
-304230
138753
924621
-692730
-120020
-79185
666180
720608
-527558
704383
414235
364498
-275560
-492450
-876103
-392554
-225785
299881
975087
758882
927737
432242
419584
320873
633266
-857836
719342
-698567
-873506
95857
-864429
343141
515405
-349584
-804585
-682269
-379479
216194
636341
710239
-252781
316696
-745125
829428
875564
-149550
-937435
-742795
-659020
-837227
10424
-215924
444268
311043
-421656
226889
-726324
-849364
436714
353909
-685232
253355
837361
457090
-769300
671669
377128
508941
141260
977587
467996
-65299
-579135
-912887
-403531
275548
828228
543726
-636871
-888319
251977
-95618
-764513
15218
537018
202337
723663
862083
-391597
-100629
-398682
-808259
944891
557835
-60513
251227
-498573
801316
-952515
-46388
931449
895211
444206
82685
-207955
498852
-238728
668596
-710350
-260053
-338388
-334826
-90085
-983281
-495051
-372096
809299
-658052
-548853
916256
108326
849468
495736
279783
782929
-681866
-195590
-265086
243524
-835185
879692
-85079
616335
-511847
-405555
578865
-591932
-434630
-296237
-853994
-809746
-690862
175322
962631
-661025
471084
280031
837351
58719
685271
697734
826527
760544
154083
945365
-788593
878293
509034
75952
-776094
701461
-295575
-661008
-429588
573318
628642
387579
499544
-749378
-876489
-673115
732831
634892
648331
-281636
171653
-137123
463937
165436
768134
-621481
301535
549413
386866
686019
-778258
136815
-461161
-367384
-693295
698189
-696514
-966228
-378654
-739719
-602950
205899
370854
-214243
-368634
-71459
990602
923649
209232
691094
12609
814788
-974900
703985
-421633
-828540
-225566
259474
305577
-884693
-514346
629143
694137
-719012
-161319
67139
-917799
594337
382996
481517
-70492
-988858
594693
648381
-141785
58040
342129
728489
-212241
711648
-366300
-875338
451172
-651036
97128
897139
271378
-846640
-285806
-474909
-958675
-664493
911156
-853370
-754951
715341
14456
-686418
619489
987564
632500
-703851
-660555
-237996
-367175
974107
223045
-228844
232181
-219322
126141
920930
978590
960847
-264569
-455729
-569149
-667737
485758
186103
-930181
36320
-904180
903143
906213
-382641
-34990
-700808
-63429
817054
-289534
278564
639701
-150161
555574
-869947
709448
612232
-445180
228751
-382390
-130587
857807
581314
986448
-845839
-989444
-58128
62021
-494355
432548
-837009
811877
581878
261339
737967
-2493
966656
505246
334915
-553016
-561953
314727
341377
-907681
-83932
98483
628495
914154
60397
362276
371013
217942
-60077
-277219
219150
-337607
-74153
770464
-214846
-190702
-190046
-651564
-273377
178200
-940287
425485
412431
-448419
53047
-576888
-103759
-674572
204743
402019
330651
723254
-295521
-757170
-776352
674887
-125246
-227436
-685001
349617
-13022
-12606
-642399
970711
-806173
330126
-408288
440689
265855
-471873
-412737
-689658
-174782
-585956
-599213
-646181
337277
-765699
28304
-31023
-28744
-584742
-58123
-380138
608417
-559100
-153910
-730908
-912649
-697053
956633
642290
-154037
188667
82407
728106
-709155
965675
-886597
-712841
840698
562251
321473
895266
-277541
-985448
-805572
-915050
-62797
62360
-822019
-580609
908853
-935985
510668
-259259
-128734
164386
493945
276837
177309
732227
-331665
344246
-472316
-292269
685469
923843
648979
-939086
-485776
232791
261191
32693
-948220
-310845
-435270
-330597
268988
-55037
43548
443803
807900
-692868
512768
-691483
-980681
-612751
-95321
745479
-123906
581781
-706289
631592
743636
377278
247043
-105104
836495
589089
-282025
601612
-661322
419280
1269
648382
271895
-746499
-723012
186253
38487
-945754
-213379
-362688
-797601
367395
203814
-108979
957657
-130505
-155546
-231578
-857961
-479228
106258
-524309
210345
-978614
-112803
-792742
-109015
-713147
938723
-995674
-248116
595848
880538
-794939
-286311
854114
-778687
-468956
-692201
759226
231650
420288
387857
304960
-315818
66757
807132
74827
-255604
-55458
869746
792289
-401140
133040
876358
148920
842350
-286750
548844
448417
-840238
-321341
224382
105202
978630
-201046
174730
-320628
-910138
-797177
771167
-276825
-756510
234386
-285507
-884577
-80393
-463876
-679259
700784
-664825
610621
201379
-288780
9713
-663347
-911864
276981
7660
-960589
296307
920720
610991
235084
-726939
261090
404380
-146584
-683037
-332311
-183627
-745101
-789569
907617
692578
-709103
778859
-501573
-10091
-40864
976464
-12173
336685
-56514
-272576
834521
626189
-686140
342364
-339864
-922515
-704233
666792
-25926
400250
920849
-491826
-691730
671380
-659567
-19333
-914859
4644
-778891
312535
-140892
-820658
593137
-168945
-157948
727838
382145
-397548
678519
-928654
471101
102392
-253555
-662521
-866514
-107458
-811258
682332
-422938
-752762
-658823
-112289
578729
869428
-60682
-68178
-608926
341311
345486
-750773
333883
-85512
-513682
-32054
-849362
-610661
56521
63012
-950765
451849
-317630
-208229
-499765
200785
224115
-390704
-931448
87325
551912
954201
13963
-274729
710652
136623
961763
927475
-279779
-307051
509163
809806
-69234
265120
-727778
-807682
-870962
587026
-1792
297082
272005
573802
28675
-32834
-737357
-163226
53635
245813
866470
-983774
-108880
849902
998655
-754419
-519546
-828108
457125
19890
58386
254976
-549948
260966
416182
486833
-67893
-878771
166390
481945
17645
234976
955190
-481543
564651
328667
-834211
-469065
741540
-400089
750171
-638032
314395
-343867
903571
-568877
979394
472705
-270172
-204282
-897807
-206234
-95451
630874
9921
-326884
-909729
925536
520729
-258810
-991272
655089
30650
557260
314608
923591
699084
993118
823163
255123
788712
194954
46881
-744515
519731
735517
148449
743734
730325
217884
161024
-824067
69689
-822632
-954105
-473245
-712264
-39479
80857
374067
311006
-459627
608465
813607
89980
863661
818437
619412
866778
-70151
717599
178006
662114
485477
-270291
780077
175796
-177202
265209
987810
-958192
836085
-46189
92003
658967
792858
-970163
997752
855132
-801177
-597291
-147712
-237850
484767
-263193
827191
517583
641306
371634
100814
43907
898002
97517
895256
-124200
237068
626
16893
828973
764911
402748
773044
537085
-472192
842373
-182019
-265456
4414
262837
533484
-904661
151395
172480
686767
-317491
-946669
-985466
544349
837910
189249
-533585
-352672
-764335
-785329
-865473
807268
-897737
654918
-971892
-653273
-391496
350882
770980
-171755
-230580
-260480
-928436
-46913
-773746
-169057
-665715
330431
-773140
-513077
-879479
-434830
388030
173702
-918568
-134671
49763
195989
-451811
-492026
379590
-971948
-345955
-57488
878903
-923475
929324
786579
-511644
369952
326578
-310877
-197934
466174
-304685
-637259
919846
574744
654878
-116926
-132988
-21501
-671317
527431
-770340
-824488
826481
-4496
604950
-257267
42625
385366
634142
-502606
-68612
-97529
-34112
905993
781626
613719
790767
-808476
892089
-819386
-418206
-711067
-11816
-528550
109885
-199228
328797
264645
808234
792797
-799418
-764816
819664
317874
233118
854562
968093
347965
-681557
797445
767037
-234113
246904
514071
-41898
-643502
160092
-322351
-276943
958483
163551
-591606
34091
-628428
225179
-224508
827297
873226
571846
619654
845860
543199
-374255
152565
-680739
178811
702099
-999186
120440
529355
-119361
705268
-303783
-24868
204417
340513
-807372
-826420
84023
151907
158179
314629
-993902
-93750
522391
123023
-569962
142028
-549354
581442
585670
-996165
-822563
271480
239921
-814190
815819
-990511
-42973
582167
-476597
537838
811502
528111
686975
713607
603
-149812
645878
390437
-767514
900220
-438891
-985956
353486
-866315
560524
522801
-941609
-487114
-761098
-841784
167731
745334
-804649
575684
-375981
-809045
-859332
-449896
603925
-929869
925432
813495
-254812
-240553
-597242
728894
990471
-137796
-357084
639368
653696
-117607
244398
730435
-147156
577158
-920861
802695
254085
-813178
-551109
825918
53484
420445
-779701
-117960
-465220
921508
-898392
-900550
477639
17943
725502
-296511
-454533
-484813
630455
141446
668868
-36390
724334
12200
270579
-652723
850919
622447
-312700
-748534
-204598
511205
156831
-79504
905466
-136770
-530673
244217
-668718
658478
625699
-126826
-775603
-128421
217661
840933
-654938
202436
698483
-432588
960897
-365801
594723
-643901
542089
433494
-579503
570488
421711
475992
-321125
-639642
938970
-332481
-769010
464211
-733016
-644304
878777
37233
-833913
985221
726965
-83454
-183544
675730
-33949
-421476
-905754
-563267
986245
-944666
453117
-481444
-338069
914604
-595614
562596
153870
-761350
-328485
333763
-148609
288137
-139095
-184280
-269121
-691704
-658877
-769487
-123989
765149
-712757
-347270
625688
514514
-865341
-600516
-78402
-698390
883159
-407253
-556310
-18440
-876061
-384592
-134353
-922273
-343810
-466597
-703043
510369
-134533
-676621
682586
50512
282600
-193236
898547
-796380
-443601
337010
-119903
324567
40294
-976931
926901
700168
180225
-264527
936368
696729
890673
155459
97648
529508
453792
-397969
267803
-508020
-266048
402616
-871934
16097
3125
461947
-796642
-302741
993768
-857284
502076
288021
345690
-576946
685530
-73432
292889
-715498
-776753
-754040
346557
-21857
184148
704532
-637664
562272
-254332
-954027
908952
-717234
759286
485735
678441
-582088
570308
694392
465367
-459645
-823496
-701623
-247229
912377
-184321
-202428
112349
212261
-863339
224729
-389183
-534120
-351656
858068
135565
-103994
-404730
681188
987018
991247
358798
986454
-310909
-694511
82986
-742633
-464499
-511673
467931
487097
603726
381417
162832
-759609
495020
678277
407170
-367018
728671
-93469
413687
537642
-167731
455590
393623
463320
99169
365875
812163
672399
74296
294970
-303641
-624432
108004
-977980
628029
-37083
-527663
71280
635204
628452
325493
90005
204668
574643
764398
32255
-704113
103006
746527
971567
-849455
607330
276126
898474
164621
-49390
119471
762613
548185
-861633
-740239
535566
289628
-18627
930705
-235768
804490
407496
14315
-692087
-478684
-946448
892191
-933960
-809169
-991671
888164
113588
-769238
-282361
534704
736217
96561
33756
731325
-78790
675430
658467
606724
22246
810337
-661637
71966
579999
-961677
-225591
-739241
-469122
-170905
-829197
647421
-451631
30795
772970
679790
19504
-915507
-427362
247564
731043
-122846
-746739
239750
-936928
-99510
507999
-399832
-400255
461993
413198
-777108
-160580
-747103
-768797
669836
222522
-733984
-997730
-11170
-704197
-726860
-560446
399183
919570
-650832
186611
-680506
245186
-989524
-450238
176085
796098
365119
26856
-712772
494418
318487
781948
-406851
780257
147420
686467
-581005
-154525
425671
-779868
344893
752976
121787
-711081
892138
-214838
627951
-440973
107636
-742623
-94270
-797760
-107099
-848541
-27455
681458
564365
267938
-683735
-852549
-845142
-240940
-102614
-78262
-197544
-999975
446810
685402
483355
875363
-929256
-182066
669092
267789
134939
210523
-189969
150629
638909
850084
-337830
360637
-995086
126587
-222920
377198
974262
-274625
-302495
860092
986839
-939616
-697314
-269941
-938705
119199
-211618
577960
575894
-448058
644936
53577
155675
908993
54225
344982
-313289
637430
459791
743354
172333
664108
-950576
954663
-225822
-125811
687711
-383192
210367
322940
-959255
-495327
430372
680326
918502
398443
-209401
-701620
-918792
-686805
-123398
753372
757252
-649713
-625068
597808
629440
-511973
-129314
-711398
309061
-594128
-647579
-967744
328503
-330854
-245835
877733
-594701
500510
283848
5828
182570
-820865
183474
-3955
-264081
-497893
-389060
360995
728798
-914836
706690
-884430
571370
-611583
-776715
-479094
-293197
696907
-753042
930405
737188
541770
-804986
16321
-733730
58775
-81083
-761867
-402629
583428
-684351
752219
-970376
-997616
-256176
-280771
-437384
843589
-875592
938620
257755
-900117
-986519
937017
848737
-7105
-107776
-175933
544848
22518
73479
714956
-188496
147235
-570449
-812814
-667052
-903764
-401825
895967
574912
679182
677869
-518953
-186383
-457903
923079
-64399
272460
-375476
86398
-805143
-465913
-416151
923457
-836649
-399192
921457
-871189
-170799
-402061
249298
-530780
-350888
-48024
-145102
-423413
-605935
-486043
383754
-925930
-702607
370005
-599069
-331802
646120
992266
-649628
-485463
655443
-667374
435925
-428457
-794041
-923134
-722416
672709
803390
-12071
-608816
-310070
-840501
236159
102533
476772
103917
-657639
160446
-547483
576626
497972
-562966
983498
133111
-208102
-691774
-577810
541429
515225
-994445
-856272
-248546
422230
-307566
630280
-600788
-406143
-203724
-622522
290205
-583575
-161514
170425
-475898
-222906
-55659
157923
168154
-930870
399008
55456
-811773
-550375
955169
214935
-854797
886305
-478219
393092
280417
508589
290542
-88818
615065
186413
-589744
91067
301194
-748401
-947763
153000
-366732
153955
-812908
275509
-993260
-607446
556318
-427165
118044
-578986
53325
-776264
-289686
-401564
-365553
-116368
-626421
-165970
655347
-134164
491937
160922
190611
-620813
801178
-79006
-834763
778868
-215175
-140293
757208
-755334
673449
-964332
646564
-545324
942331
178108
234967
425768
-173487
896002
261002
-288455
-411212
-931832
400008
-905779
848858
540212
-811882
807738
-485522
784205
661653
-336659
-482961
523421
617447
720555
761101
38523
-944185
-605497
682776
-333149
740061
254452
-541829
-911082
-427817
-652103
-348461
-367166
537565
702436
678341
798744
213579
-657774
-708789
617812
53504
770002
-985951
377867
335446
860960
-360335
-215474
-606722
960210
-148950
59567
720447
-918251
922724
-949564
336913
-603121
-414433
659225
-914941
-495105
-491339
-566511
925289
-81463
-602802
649682
-267227
-925879
446584
-516305
-194178
592571
-684895
-913314
-234766
574547
-212830
-537675
-511626
72971
-171636
-159640
799837
-499718
325857
478628
-439813
-397897
-412092
-161564
-177636
-588528
265717
247260
300835
-804432
976563
770029
242673
131663
-730265
164529
893541
457241
876351
513127
681108
-112506
-203427
-880371
444461
481076
-104991
-633686
301962
966406
-244362
942055
113450
-269258
-976290
-158674
-513956
727739
610581
466474
-726454
198423
-293912
749799
838833
903475
420121
-756767
780270
-158711
-750907
698069
921800
276207
-13913
-354793
390442
458205
142136
-136055
91560
835511
637377
395444
697563
536109
-943296
822839
539158
-876803
890035
236578
-795216
-992107
-942180
-780980
-964053
-425789
428504
-318642
64915
877146
823061
-711835
152831
487012
-162735
-958201
-613254
974860
835201
791683
-584275
781545
482566
458045
222511
708899
494944
195094
237292
892233
265913
-912825
-727489
470012
-195172
959662
-959199
877317
849403
-950566
-752207
493897
99404
556580
-537571
955507
126757
921476
211424
886001
-931544
925301
282504
-997835
-22744
760885
561995
596868
747607
-466229
-85254
-581022
-609414
247463
750222
-734759
-792206
-370344
614438
-182757
-386209
-384734
223565
48708
561802
912495
42565
859458
394975
552149
-402939
727198
-50365
-226791
388190
-310964
-648921
-546373
129280
233058
-643808
-31497
95829
679826
-979944
-390574
731346
20586
441939
-650746
290159
247547
259455
-902447
929251
451373
-109664
538472
-840583
-489054
992160
936317
-954431
830398
-392844
777714
-606409
308403
-903583
591870
633781
-970550
964944
-331466
146492
-158829
-602517
52453
140998
-909168
-941354
895059
798133
46966
-910884
-235554
141438
241446
101638
-590372
-781693
-659452
-663195
17053
-946468
-577214
746044
274071
516674
104826
543440
370526
-227327
257975
231543
590446
31989
597628
-632697
381501
530197
667137
113271
415378
-548676
-284021
-839710
-136852
-279259
-918783
372363
31564
-717208
-604631
697424
539115
-136611
840033
-73672
-425462
64807
449184
-9045
246945
-79138
614600
529169
-50522
-506976
-482336
938069
320169
809222
-433781
59751
206205
-504964
-752755
877474
416031
-874910
-600841
-969606
783457
-536022
926996
-920280
438046
920078
-318028
14253
78147
-276260
-784749
-952346
646622
-157498
-663788
535828
-690312
666140
693742
111649
701872
-802716
75672
368210
-285562
941286
-345317
-60323
-427215
-257213
614077
-379978
419501
-221859
367418
-531717
-467838
555417
661644
-102402
-381657
367161
-62878
7222
663153
336749
-306514
-923080
341730
-446614
927795
916408
875513
-864137
-851940
997055
637027
-665174
272080
415357
778288
-324476
350432
-336638
-400558
-987747
-881700
49090
674489
-516909
342253
-378496
816729
-30994
-591595
308466
879611
-37365
814968
516394
-221347
523051
-501085
83147
523280
-411664
-45541
-939726
-236089
-267250
421150
362423
281274
-935097
-311138
530089
430654
-926006
-645252
-736446
701276
891608
-910194
-811487
-687853
272960
-986380
-885108
-867129
-67270
-870296
-714401
-430778
684175
-434415
519631
-771781
375378
171420
722428
457678
-19649
281431
-959954
-557858
-533425
-638431
894457
562284
-638630
160155
-393680
380936
491173
385958
394153
379081
-161348
599154
-978029
-624315
778256
-122238
661097
263072
487999
-792616
-340516
702433
-153059
-53093
-238422
435011
-921486
97628
51942
-223614
123502
546227
959056
-14541
-887998
-338336
253663
-935146
248090
-1823
-583110
90565
-265589
203065
-419557
980384
775710
746527
798707
945878
-846247
-948960
-172432
-847699
-893869
438461
810805
-553545
646893
-952091
472303
661759
-461158
512636
-779019
-702473
389097
-221970
-497187
-889025
-944359
-914981
-629855
-992413
-643263
-426316
-33512
-212324
651906
-531537
-804647
50387
-317364
-455274
-938170
973041
642325
-999535
-403271
763946
-614072
-653264
85101
838772
564030
-331611
-159299
-321385
-855566
-688981
542130
-830656
-248388
33842
-477794
333569
-480691
982155
724819
-311457
374062
93634
820934
975516
900932
305065
309475
-578781
381343
437686
-781321
-26209
-43192
-820568
-756345
-865726
-507209
-444021
-112493
693545
129328
244868
-373261
-920563
453155
895530
-561806
770108
336320
374766
21494
-53094
174435
565255
-639520
69073
100997
618289
444601
53637
396431
304550
-758922
-540775
-620433
59488
-391488
-798021
-570161
-204448
851989
-412546
362918
833197
453823
142791
-17349
-396524
-758271
879807
-65610
308243
-205924
-363693
284682
-725234
397490
549045
807596
-347548
501924
328925
192801
-231611
368432
886993
-813654
-660739
97405
617061
-870166
683948
-12831
-942582
696260
835577
144359
309205
881821
-783783
-990346
-935703
-957266
-559163
274281
714738
-76950
-563262
-747956
522794
812384
-936946
865593
750427
720887
-569494
-205239
221742
-908123
787648
960514
-278849
-390597
997431
-491211
-24522
49969
443383
811489
777604
301824
-910311
-903623
940560
977062
686852
492443
518123
311832
-429587
59314
56141
846915
-936568
-357629
-628650
44594
929454
535312
861381
-478532
-706923
758841
832746
-148239
34873
-995870
887343
348915
422959
440723
533795
998848
182036
271812
434835
-937579
-91108
-29812
658009
949230
358727
-842492
-72192
459216
84129
-262859
-494694
21209
-573534
-470846
-810683
-221758
230079
648026
816512
421991
873998
425528
828286
626418
-899034
-955163
972598
-298670
-171562
-680773
-467130
-840424
501990
571382
-630221
138969
-992418
-184083
556666
-137439
-19787
-503551
738914
-522181
-853134
-388797
490957
-363797
669863
-785759
-632293
997292
951124
357510
-562067
-238274
638702
-555482
-267258
328630
-287592
-136468
-844790
9406
-21984
432313
599408
962108
677315
-554991
871407
-580933
650773
680838
-370090
340242
248438
-53633
203297
799863
965857
-245175
-755866
-884381
270138
-86367
-985663
275211
-531523
352958
-982055
953016
175059
-771204
-78857
518987
-83731
345379
-816962
5068
-434923
-613984
-488106
337749
-892015
-569074
800217
503798
545783
-337574
508043
700680
-873800
-410728
723814
-592232
-298608
-400744
-98137
-241875
928893
380462
182206
92499
165259
787013
-50417
-88153
240047
-415678
654089
45285
246080
532079
-240426
501043
-237512
-474507
227184
415995
807425
12304
-545985
338658
485314
530463
-418798
-664046
891694
-895833
728487
774869
-786750
-536024
730577
-524243
-565927
-332692
208568
-697131
423873
-297706
208297
-698628
30547
203925
799824
539056
582431
574370
-638168
647284
377544
310956
-770909
47987
-958756
-465414
831016
-452770
-567407
-243416
-858363
599187
16200
-434418
-667823
-14471
-878468
153695
758772
-463136
-443891
230118
-192231
-125799
945332
35909
706628
82332
-614815
-194712
-572830
-19417
778692
911756
467505
-503659
-967343
252786
-177190
-175289
788604
230570
359105
512117
404126
-638726
773302
3593
-928293
527584
-271063
-211963
132428
680432
608735
324301
-296437
426661
448869
-348652
-797029
357277
938290
50039
5302
-321063
932282
-281524
-533886
957317
968556
955154
-961335
-339721
-520003
-739777
-194611
-422250
-478233
156903
568943
901649
751749
-382785
130293
-459758
-185160
-236203
-328017
-299971
-207844
938771
-180484
-65519
-289904
-791321
-154817
-382164
861411
-183155
422455
80314
989681
-335936
-103202
513895
320791
-751757
73835
-609269
490016
960491
779035
716310
70023
513217
-170101
79016
-14164
-454490
-973666
-989068
-819238
-596379
677161
-942200
-416914
-87053
-770539
983746
-206830
-328734
-631109
-528874
-809390
-471804
517632
127514
926440
-657850
-940998
-204495
405173
-653843
844836
820562
208888
371686
-514459
-346245
462122
-871368
499426
469911
469169
3379
615168
269107
-60100
-449541
-869156
686708
-326283
-233474
677150
-905333
747965
881445
-481969
-924169
-811365
975801
879110
905920
388079
745515
-531037
-406195
312425
-464067
-903762
-21740
758614
-639214
-189810
-200680
-587898
-861168
-509537
956531
661130
-838143
333085
-509291
-387299
110823
672225
312070
295740
958049
597774
609338
-919206
-588611
799284
-629559
107453
707856
940855
-262794
-167840
623308
-114996
-182540
685583
400374
-291748
-34343
-539802
273066
960605
384451
-796418
-364052
997545
-125940
295375
151765
153769
207081
-404467
353868
883844
234512
-224182
-439253
154642
-406334
895036
-21953
-204938
325873
972029
456965
970357
-503519
100767
-775895
-887756
890607
-722576
115375
932514
-180911
-220737
-514469
222026
667111
-556170
93014
222057
333375
-530439
339424
408575
-472903
-899102
-240963
777359
4899
-992277
739676
-264018
675816
-749507
853507
539633
-764625
-512769
-931658
-535877
-31153
-817924
322664
-152330
878588
-863067
893276
-529460
-688397
747067
-636882
201521
615726
770293
507795
-366005
424577
990251
502168
-476524
983131
583005
-990172
-119059
-261666
-828812
319604
-939984
-760271
650490
-511653
-525202
980007
72677
821571
-141219
778886
-961884
924765
189722
789295
372636
881414
960416
-345864
146043
765369
720568
-201240
908986
-752491
83184
350668
-579320
910295
36958
579964
-266455
-771749
-354004
718498
420916
-564945
111908
428999
447648
-177071
-478757
-562423
-770681
336832
277121
-250890
-450344
-829362
633551
-768295
-490793
-598711
-631992
-562098
520356
448220
-402022
-89439
40073
49948
231521
-553552
57444
-221410
428199
-455826
76661
875501
-65541
-182426
682550
-323532
632327
-880688
-716218
-674489
-520138
-489183
-277214
-830745
925953
-722209
547705
511036
-612289
-711203
957312
997796
774882
225714
-796017
651625
812571
887755
915341
635180
-51436
-493689
-852355
50023
-218081
-29774
-774958
213248
-893389
555860
135832
53933
-650750
626129
-602195
-519702
-451241
389107
-36946
-721909
546692
177687
-115622
65323
176092
784225
-964768
-705014
-778824
572936
325837
-763233
47732
420976
-230865
275129
-231617
235360
610786
-19374
193007
-387412
463797
863473
-71170
368013
177712
-340367
416292
-151054
-182119
110852
-654295
-931814
-582039
217842
-97271
338911
-694713
-182708
-707862
413192
600342
684215
244778
-232286
635751
12783
135333
732260
674475
796313
-171003
-490119
-152036
-664568
-308036
34379
515976
-137010
104215
-175127
186809
-924524
-522489
645048
-360637
-974777
319653
598013
-438776
67609
-111347
-679097
-449442
240191
-996583
-581756
898146
-340376
433269
-513285
-68929
-862483
-845152
-819665
-820842
-72170
145341
-510309
-750039
711883
-704218
-99855
80114
302022
-767469
-585243
460051
274107
-920607
-395295
-956555
-992663
-549060
61889
-876889
-185732
104284
-399414
750673
227138
440691
368711
-869232
-35751
-362391
935953
-680102
-386185
726433
-118802
-249842
-243822
984727
-98117
706581
-163856
-570943
714578
-778878
579472
209711
251626
-709652
602386
849996
-656948
-139728
367196
400961
799662
-382900
867175
-481519
-660024
705392
-187300
876654
25900
147692
-836496
365227
39360
781867
-606344
-834593
-996543
382003
829378
-781710
-595826
-230690
-417258
-643253
-144589
848269
889880
382656
-494484
-25416
-666286
-937544
-332609
-667800
-355721
515658
-872893
-433382
-433568
413058
665137
-95925
845990
616388
594831
285362
-42040
-884451
-268167
-620997
-817108
-221365
-218258
-950977
-707447
-569586
-279936
-219100
245022
-247633
164625
812791
288099
-295196
-617635
658911
76271
778879
-864152
541082
769489
622631
-819582
-275769
929857
-433692
-369450
190844
-545161
-781140
517640
-657736
-329046
-39832
626539
505146
287596
-523275
-555998
809146
-599028
-683451
-994766
-527483
95324
-775352
83092
-796022
-632594
895263
621327
579276
-806484
250902
-620376
-323429
-475901
-267042
974824
-198410
997970
-765476
-268277
-199341
396253
772160
-809824
-93299
-792519
346901
-77603
-237218
-40898
-408428
-218987
-297865
420239
-874030
424600
184400
686724
481392
976053
-725098
642475
-766003
716629
-472167
522955
379587
-984628
-107302
515857
-322840
707344
-696669
-140677
311662
-781523
405836
863538
-905112
993786
-202553
-17078
380693
-31783
-851295
-577239
-313120
-266380
-788348
342453
699609
704346
-291143
-886226
-68084
451062
366423
565261
667271
-569752
-770473
-158306
699452
228460
-116848
471290
-871537
705896
-406396
-770133
640378
781274
-879677
536924
652262
248457
-172919
235984
-968023
333455
-833240
-411403
449016
913
826852
572884
528974
-475374
257348
617693
-868348
311693
-797737
320915
-393979
785947
-555756
668744
349438
-369808
-208460
11232
938220
-345801
-633032
154888
364574
483653
-332827
-872350
-575891
-121021
139718
-159197
-178008
734488
-534307
-934775
441471
957
-229978
-395372
-777399
-394769
-291855
741438
-723706
768636
-140472
-553082
797064
-834833
846232
-178229
891176
-509856
23922
529394
725295
-972140
-656864
-436169
-34197
-928576
-703608
131787
956701
833481
-651413
175858
-770841
691205
60048
575012
-29949
675945
-908720
56961
14010
224220
-971481
517098
-275612
960170
-883474
-299853
967687
-329663
331512
-278438
-99323
-114694
-175203
-230395
436734
433431
102752
264119
549622
689327
-807729
-401379
753863
647272
485435
-706795
540744
475420
151248
-557839
-378287
-150962
687892
-911319
179290
678875
140707
-379364
269393
548840
-501613
841605
937838
-287206
831690
408173
931416
821660
-504002
-90485
883061
-359383
-960200
-193419
139993
-690565
134896
-640535
-142848
-694885
-944034
-4728
644799
-382032
62766
-168312
747336
-240104
-636576
144015
384691
-144302
87364
709035
291984
489344
562235
958264
-308343
203412
-406070
-881691
582450
771614
811745
896815
41143
28583
-904575
164766
138938
813089
661535
-640363
-381971
684628
312663
-664468
-649401
425365
-750769
781351
227883
-833618
-552954
-731997
-515584
-952785
817981
963328
57129
-37309
573071
327636
-698256
320830
-660226
-114850
-307117
167044
-392032
465950
124775
-904566
22571
-219873
246678
-970945
-599280
973251
-201404
-59582
148286
-358779
831787
170914
619505
352822
-609208
-489751
299742
-279760
683779
-788721
-303812
914567
-241058
-1473
716706
462219
-122977
-324073
-998973
-275060
-728299
-460832
-829600
-906835
-427445
-128607
-567946
-252242
394720
412883
-141231
-966775
-75400
-220889
-840647
270584
395370
-626844
-78891
864057
503286
851173
-833805
82139
-705345
-357751
-720857
-244983
-757383
-549039
734898
-119899
-539765
-139154
-67398
628738
521089
978918
634657
447347
-101145
-806746
820990
573304
444762
602333
989672
765017
404580
102498
-923089
749036
-765930
620132
-716694
412858
549392
20664
-431869
-629940
-922384
851363
-410575
364608
427209
-48873
-824171
-967879
-732603
496150
-395919
822475
-153001
158704
-696758
913362
381151
-813082
-572686
-872498
947192
-931579
-421011
767899
-730929
235782
89000
-729495
-356049
771749
435994
266090
469504
-16398
594532
-559226
-519183
791257
56553
-23559
-123490
199344
-821229
12726
-805800
-146174
-369891
-305298
-236994
103288
458992
-421851
-801052
939362
-366711
999923
-804395
-537530
35549
422938
-882565
-132783
198
280904
282957
300043
-232163
925092
491823
-592341
-549737
-405628
216993
-250929
178493
739663
-47268
117896
-162021
856637
-86864
-313189
-611551
398448
-728798
382579
114044
701653
-367389
658638
-356535
610758
513384
979693
653868
-521279
-851878
-848816
436434
808795
-567518
537668
-71493
764541
-248229
-168988
975984
900827
-619662
496126
-157074
774990
163750
873260
-986164
36764
-30933
641599
481159
-402717
728057
-605605
947651
547645
-246122
-669828
-830273
-204485
132429
-537499
-90298
142346
963328
-639689
-383121
-726625
696676
-936254
174398
-444215
466711
584304
594868
-397573
-818374
414880
70637
975057
621024
-645358
744813
50250
944145
-206922
479386
-123043
44709
-207849
-725510
-934938
774564
61470
-775398
-353804
-525411
-119046
-348778
-903960
-899805
-714457
-251931
-304001
369271
-862069
90145
61609
9417
123058
667399
739539
-772971
265397
602518
43011
-724213
-110798
-534063
225582
-429974
352817
948051
90902
141196
-72205
116225
-408752
519108
-534842
-708825
-561725
862263
6938
-646422
29134
363657
-294008
273516
560369
-272528
-686879
997221
-685858
-553880
-155623
-438966
-424727
251222
91720
908124
230355
750330
994775
-681038
-952794
-859705
-331005
-4785
536269
458415
-472194
505559
960347
704357
217776
-568011
704451
-539584
-860458
14639
248939
705594
391751
258376
-557161
-249393
893213
-148363
930991
871070
454933
-795189
-914317
415219
-578687
225679
144810
22901
-655522
91538
698688
370282
-824216
-232799
-346656
-677066
-438742
456935
297648
-684931
582662
-665063
-707225
663266
-141439
116892
-134858
-858229
642578
737371
-949359
-157838
831160
700062
462033
418818
-497283
581938
-424117
894489
-747283
806376
-611065
815961
-473631
-140641
-211030
-845283
-578172
579595
592587
969322
-741159
-310444
-905188
960590
-636190
-119275
-219514
-730114
-688408
726303
-259675
66071
20324
948626
-798003
226915
-582694
103578
-777389
-96035
-131618
731
816055
865136
869828
221003
812560
-274963
-431814
-962186
764626
-502569
706464
127842
-453075
-953106
700633
925184
-555071
913588
-638267
-931769
302407
927116
-840530
-216477
-769724
663097
659285
-217462
-582736
-992750
601676
-190193
487051
-610666
37226
-536436
-469604
913322
-372324
-589658
259132
387637
978932
-452259
-338150
-75651
-828481
595953
322454
-648149
656651
-771042
883444
-392383
865070
-294880
-993551
647267
922089
-520862
302197
-519709
-320179
611440
481908
117624
139522
-318274
-288199
-96418
-167696
-431689
-659603
311620
-159438
-190600
-693198
514099
-753187
577956
718105
528706
778179
-59669
444927
-518944
-359549
-109954
443124
725388
-415450
-686213
521611
263760
445296
625352
-239894
230934
811717
-418804
661498
452785
-166829
292579
316962
335149
-166496
541631
284361
657861
400100
812320
877744
-124092
208528
499377
128736
415179
-336190
215554
730619
-5713
436977
739605
531032
112378
-192579
-526770
669553
-721062
-197570
788628
-693683
-655488
-265524
931393
567961
557456
-940170
858416
727862
89333
535993
284305
966421
896302
-727246
348809
530880
-903939
861091
-9748
-305579
90534
506688
183753
397285
-580871
59480
-763962
-166718
608149
667796
-248193
822332
887178
399243
-836634
-870760
-606242
-144705
-638104
644246
-138450
64380
845821
618393
-4706
729627
320489
-143192
978025
114639
453791
683398
50083
581971
-487974
-864619
-859629
-620915
-258070
206572
799673
505293
-189863
-656493
-157030
934015
270756
722575
-995280
164978
-889818
621660
-740451
160685
-608140
119237
141902
-706221
-926164
483461
456366
929472
963130
-129397
-516023
-969024
-895128
613712
-989960
-387636
-601951
-479898
651973
-895875
-167895
177311
-178130
726377
708027
-267748
-111441
-345771
316495
37627
-24681
-978663
-627377
105896
973968
994978
934425
-42685
306087
-822268
666644
-554678
759577
-100711
518942
777294
-49851
427411
-974309
571727
242763
-579492
-736490
-754120
-966313
706775
-433880
200438
-711471
12058
-993574
789175
-598045
133206
738568
-897477
303748
-304305
-423602
-397731
809728
56686
648506
-334850
-813227
239299
-282358
43502
-327941
-427337
-643122
-532370
243561
418036
-983070
367499
518377
-129353
-619740
730730
-700344
13044
-738671
374012
260827
267911
208951
658601
-336184
198357
948680
592247
589799
-731529
244967
602971
-62879
58539
803789
274078
-809883
-139948
521410
-874736
673967
-925348
-594794
934204
527351
991219
-345758
321513
262778
-312877
-666141
791865
-48891
61731
666551
-295477
542706
805335
-613548
-466988
-777035
131384
-475007
-319255
-182078
246002
-220285
676051
-350753
-376497
-499977
135141
202640
-435388
-290315
551595
213149
-316141
-400280
-604920
-995861
-768269
-666144
-149556
929395
-896416
630845
295367
-137153
-120128
-92393
40343
516306
934953
238483
8191
-917874
-665772
-153689
847180
-450392
-567423
-122452
-714247
410963
5849
914749
215062
682431
358969
315976
290318
-560024
116764
232415
-322269
-208787
-638213
-40243
-125931
25260
300538
981733
-153148
-526555
820941
382425
-190267
750658
818206
-984800
167794
962515
-289444
-14462
-263174
-233080
-306424
-120183
-895898
-717161
810889
-416848
-690245
688956
-373251
26352
133040
804796
-880087
391382
-186414
-247496
-20211
992374
337156
-363872
926886
576433
-616004
-269294
-829726
772810
-742293
-588610
-798675
410721
980401
-310819
419916
-522624
799361
-587426
957573
223727
833286
787591
858703
926004
43880
-501342
-74269
-208211
-979701
-97317
341547
247176
-246631
79480
-822564
-660550
-277980
-871625
939900
147558
990891
169842
319052
-708100
-25580
-754632
-866333
-324539
-833558
104945
-730056
-981878
-226430
81375
148210
568442
381474
-272914
556686
257983
593804
14732
36928
-62906
2890
589806
-547426
-910248
-520900
7495
851628
-325394
-345995
48614
727039
207837
572879
-535195
262920
-34321
234516
-8661
-431278
410546
-383852
404380
-471865
90236
694508
-983208
691197
895718
-527022
262190
-874251
-695157
363386
155559
-779912
328003
283330
411439
-478437
-201421
-501904
-111205
624544
-375763
580351
-385513
814913
9551
51298
-894126
320312
493638
999598
-932929
-324869
46733
990813
-752214
-533706
488651
753230
760105
-74027
-647585
614454
334479
-890472
-531484
-70081
168355
172185
669457
273355
-465559
883720
-953647
950906
-215624
-827207
934811
353885
-125036
-360320
46446
9537
-452986
666833
-731644
83944
-959812
892087
-529215
660916
54959
-627318
-401802
-735067
-576758
493950
366891
808670
996820
539893
695177
44452
-189189
170964
-558581
-600901
-520101
-706432
-898026
-21582
754292
-747447
66773
-461354
-480951
-861454
-300216
58339
428488
-830734
-719577
631977
-499413
828610
-98942
-232007
235873
961124
477592
-925003
-156122
297599
224044
10714
-538383
-98798
604534
-99285
871636
618721
-169945
-397664
663499
-445824
-163155
710294
995390
-103804
-158039
-373195
250885
-561628
76011
683938
258788
74800
371868
783458
954806
937205
-24932
537093
-40507
-788695
39130
896883
-789097
589530
-895549
685610
-960348
-666957
846519
-734614
643504
-546568
-528292
-819086
-24411
937056
909233
-67079
243751
379900
264756
475457
624274
-758350
115904
722854
408862
-661034
454386
-788741
82595
-669896
352112
518257
-74537
188842
-709383
262117
795103
505298
37850
-477788
952173
-48291
15903
-50531
243267
216736
-514331
-578912
-333976
329104
417546
379412
-859321
807952
-218054
274165
-680206
-729150
548178
-511997
157108
166783
760606
-986903
710081
903356
-934194
794217
-316348
160891
882352
-610588
-42985
39551
85474
446568
847605
-36816
-215646
-672099
117732
810445
608817
687873
427561
884233
-151537
-641254
976440
527544
-179406
-603140
-637647
419323
62775
-890566
302884
143749
454023
-93635
-706062
-604193
-34424
-769513
553675
-592897
-341920
237975
840999
33525
-296398
371605
354666
-869967
-508786
-811526
-609059
282070
509122
453046
182934
-882588
242657
-595619
-436719
-253176
775946
795537
-551903
990998
-35112
-211712
-192103
-224455
-487305
738928
-222335
-830227
-880822
956387
-198434
-198116
-301539
-895021
-112167
-403744
-131689
-509751
-317915
767362
896461
704832
-842972
751752
226274
133063
997553
-530339
465756
-108262
-250554
-932138
-684247
-842378
949968
117891
328152
762050
596234
-176177
114989
988019
784067
-756399
-149393
194294
-459779
522287
277422
47526
-728661
-836891
474997
-978460
697362
-956474
-847201
19817
-307399
-508880
-581804
83500
950173
304460
-546121
-286599
-567991
183115
-401346
-884210
-564835
-417407
778022
-895584
395284
-999420
225828
-448780
461360
-232999
710028
-548632
-532512
-837987
271050
-804780
-797513
-426984
912263
-188343
841630
358534
735601
44280
959177
-141729
-148184
-539071
-124342
498486
594687
835638
-524544
98296
-153662
-702870
-538851
-800111
446118
-743562
-482276
30776
-946405
756503
984125
-343219
-645255
679570
-455847
-111505
-499090
-656912
850490
-759897
828301
107908
801031
25222
-595821
464097
-451849
-151240
-211636
310767
-418255
156025
128769
-176939
-156504
904234
529755
695426
-528887
-396416
-173553
153498
-934563
-225013
500042
-6985
-631271
-963707
-783325
390566
395109
432073
359179
-37503
-447433
-759555
-563818
-226895
931327
-629932
-369460
-688243
-373601
490978
-673963
-373419
388677
604088
-994795
174638
175739
-307525
1654
-670117
894735
-631619
603558
-781696
-811407
-527059
324244
579903
156642
-275431
-890269
-735305
549859
715354
394194
683039
653029
412881
58281
-295454
917160
248357
740480
-427831
-266940
322591
294815
364950
-740126
-175567
-314813
821452
890432
613491
257767
374960
-430640
-780507
-430617
604872
-544189
-371767
893698
412842
-25088
251713
-116083
-534964
-30463
-902624
-886344
778998
-24405
-741701
726837
-970175
-372415
201440
401206
-66998
-228395
905192
-501322
863317
717759
-585687
-552913
241404
53149
-398304
-2093
109627
785839
24747
322715
578033
-467628
704903
-124472
-352244
440739
212793
-499809
905479
-12199
377607
338242
-345442
280884
-551877
999129
133234
153967
-813949
-700954
513330
-224969
-637147
-591442
838812
-661594
-681384
528324
-737730
-975425
278643
976695
886241
133042
936615
-70443
-473349
935084
-128849
731057
-582199
665770
-734801
-838906
-680448
-87784
550457
620058
-16222
-913818
929647
-196805
274062
-840977
-387424
-228661
-746815
-29844
335859
-928719
631475
789200
-784676
30253
638699
85448
-929405
-614891
-117995
-741900
606360
163593
451775
-50039
-629909
565704
61067
-467724
655319
447283
-435385
-321186
-425256
-435833
727702
-195086
-99959
713516
633491
941528
591345
-55001
882191
900685
-127724
-40825
560307
431631
801523
-839749
924622
770608
-876264
-697591
-11105
104513
848368
-290945
-777063
406248
459014
701782
872793
82806
504162
-247496
272880
603412
90698
-888909
15062
462399
64123
-408571
-132278
-412380
-543826
-922125
-811975
-524096
506896
-105223
-221877
930032
-637836
-739781
-328964
885365
397902
181133
593213
-317839
-875937
-541376
-539629
-570759
374898
216410
106426
-765104
291532
685596
458941
473937
-489127
-355017
887026
160141
784524
885121
-955749
-900970
182258
-111629
151768
544622
677884
-600363
664141
657057
-165171
-335608
990374
482858
-458284
-385825
-429322
177532
202916
707302
-999270
-32890
846173
891468
989061
-147964
240421
853380
556975
353707
-594502
645410
-922605
-699894
-478336
-507004
143710
-456847
-850282
67474
-678841
440725
328062
-814076
91624
66622
263891
-186637
275370
-646098
-937359
910285
-326489
806884
-323269
407905
-90865
308597
131188
344402
551979
894704
824404
-626457
-589582
786144
-6482
983681
544695
414886
-789406
-911901
-826850
-715444
-213861
-472298
208103
-602663
-961840
910271
-883644
559143
-194715
902059
260521
-861492
-905371
570802
212456
692774
-578223
98274
117005
-807194
568182
-386367
737279
-383328
-582304
-301940
135832
-215417
307833
791258
-771055
-308357
-110087
328339
630956
-6885
-966871
-193553
-327768
-738605
433239
-668535
-956801
-453123
-575379
-933781
-272203
59764
-59832
274387
-202496
796302
-790587
-877234
-680554
903227
-714871
-569968
870084
788065
432482
726645
399411
728913
-850596
763317
-624076
38466
377204
-161946
-953173
151020
976049
-813626
712135
189227
546329
252733
501923
-311283
-909519
-613509
-572668
-965884
-834534
520726
782178
-54933
-410786
250871
-94923
-968814
572750
-820922
-227888
-297129
-449365
317486
-577042
189683
-391924
887921
412910
-305194
-191729
92638
-234038
952030
595684
875821
521811
523065
-513278
381479
-809848
306748
-628375
238310
736799
480695
339781
190974
533462
-824313
-860959
923784
932823
787097
-448368
468225
885681
632139
-367759
699058
328504
247174
-623489
470779
-323000
-876860
924944
-14199
503155
520278
-67356
-993693
920069
10103
-380273
29600
288864
-210271
737398
641909
141225
348063
300947
499805
-596511
701074
321065
232308
-584808
558564
-347598
-485006
66609
-935677
-384131
-872567
218234
-634452
-12482
294397
-77344
508988
714175
302246
880086
342413
-591217
-751054
-325059
-604407
948839
783748
881384
872652
-42850
553487
-977199
672931
992264
437314
-386798
769809
612345
826285
232203
316925
318470
-521144
709994
796553
166768
-381690
871587
818612
-419732
-491639
272208
521582
792909
-92948
-839807
408860
122254
308369
857918
329575
-280181
919408
678774
261396
-815952
821551
-950467
531068
95375
-795568
579835
-157135
292333
-359098
186852
-85464
650488
843284
-497982
-884682
-667330
348075
-496674
753989
973101
-438193
661012
-968823
-914781
-808996
199236
-929582
-13767
130399
168802
309715
580702
-946602
-76977
-432007
-171375
170996
-126007
-860593
704303
-415207
342819
-304622
563963
459516
-703553
-557239
-45758
439081
-933635
-280706
997668
401338
-514805
7767
276355
609994
50939
236665
915970
84343
587657
611954
-184991
-745239
164911
913
118833
-865674
-718829
841299
107055
542457
-983609
-795931
-579378
189467
519630
130878
-239943
374669
-736963
885365
509264
334938
443905
-921127
546205
-319465
197167
-49662
-393284
-420688
-18483
-73863
-841805
378250
32400
822191
315730
349526
500906
-614346
713232
73216
-445366
-179544
628891
814876
611365
386533
-766292
597149
638994
371034
16091
-888715
80719
481317
-38012
-87757
-355650
-185822
-103974
733326
-711788
-979871
-703194
712891
894923
-884002
191927
-977323
-135021
178731
589374
-760475
-618883
-105196
31860
-708625
961510
167656
413683
-928563
356621
757028
-122859
176058
238723
-428730
699638
125629
-336395
-341423
458114
-421438
-53218
-65642
986772
385349
-682098
554679
129845
190064
375765
-837581
986480
-912294
-335403
965867
636311
-481361
-893007
-828504
546763
281691
-430030
497432
-931417
859883
335307
898558
666254
571548
747219
569793
884653
62601
849339
-450166
477011
196289
839158
-240257
924274
-281309
580271
-478238
603334
98863
112704
166693
-82408
473650
-122322
-371596
337908
-830732
-950508
-486168
114057
584083
31167
49283
-758551
-826153
332271
64278
812118
-537863
64271
-503167
-309846
360624
455563
605226
-947706
-33632
-36226
-381744
630992
152939
322043
466350
909576
603837
-220172
-242123
477285
-440595
-173188
534275
330527
878851
-481594
244897
-777940
599225
-35822
-621347
-175772
684131
-809136
-488023
-754531
-633587
-50263
-747976
66253
679658
-256172
342038
676607
-464585
478075
-531723
-413119
-324410
933049
478469
353915
-604094
857548
265905
-876397
-279771
834675
-825503
547083
-977737
-894098
742721
110343
788724
-936344
689056
307781
-120864
563857
-923415
633639
-841482
133047
-972568
-152706
878015
-64560
565845
-522590
-733602
530529
-837710
213793
-938024
504992
676701
-543092
883080
891475
-428644
282890
-500714
675214
931631
-632929
-151433
167160
-866288
37395
364890
-511695
580808
177579
-603169
11954
111662
-316236
-932780
131814
-958748
807623
614636
-711412
-218857
-429557
-969170
482865
-613166
29286
-17029
-945501
-724729
947569
526259
-1206
-881304
-738341
763514
-690877
-87412
-826046
-265251
944760
959625
-834923
-762638
511362
772760
-936293
-259114
-400617
-838007
-855865
834352
169059
497118
748180
-388835
174092
-221204
651098
490037
83327
-381941
494146
-734955
-236681
-621389
-442986
-575415
305855
-358250
535215
-125482
540121
206586
318755
500314
602179
-167674
764580
649771
-523692
574808
-190214
343396
-518073
556738
-224771
319185
250624
-452040
498170
962940
-60805
-469946
-519837
-125333
-940370
234660
295378
-848803
-388178
-261247
377746
466249
-198347
-153630
725397
-381864
-607952
-628921
841735
-783985
-208120
-243506
-960090
646949
-9976
187445
376995
528525
715025
433212
335107
430476
-237902
-73042
-422641
-137249
-707963
622590
945641
-881400
-405899
254594
628207
-844572
-26573
625373
-547549
-903429
872865
-422827
315570
-238612
612939
621166
-252847
-93484
794074
-169190
-105569
929095
137296
-57122
-727734
-619052
-58602
-634155
712277
-895025
553467
-954818
-409644
363371
-144956
991110
-880589
-362060
532253
-474524
-501783
-504322
835691
-369107
-601730
275263
-127133
266291
127365
97082
782098
125787
318221
-464634
287501
-240167
-610931
-707557
-728499
689517
-793126
979977
-614628
-525953
-785359
902073
515278
222108
998075
-416048
318898
-472302
-262168
-301736
-929583
-913696
-239316
852329
-760231
585682
52250
362329
-655932
372179
19566
431870
-550583
938140
152101
-333082
243785
-600799
587477
153541
-428075
789982
-526773
135407
-408275
-508330
70016
-538823
-638012
886128
-203176
-155705
-585503
457335
-524095
-524058
-738339
-492578
-370485
417227
-411140
-337043
249736
809273
-50197
143724
-235259
-286849
-376877
-723311
400500
384340
-63851
-146973
215319
-262089
-645254
-275749
583887
684365
-299872
174649
-664003
447295
443627
-771978
-87217
-99845
-918063
319351
-728883
84031
269326
-871134
117366
863098
492139
-608774
-358959
113534
-352849
-556411
478502
-527822
948392
-57314
366079
177396
-592408
993970
590050
960692
812291
893691
-391262
-672988
-824539
-187668
472011
732620
-724780
-260526
-80620
647133
578032
560679
-15001
-903557
-25470
-791280
24319
478051
842498
-783848
163789
-901851
613533
350345
210058
535176
-784478
-436252
274491
51227
-926618
-223879
142835
-220698
842974
-901977
981705
974365
-183631
151638
-943493
-261780
203184
-539946
175338
1878
-642621
347991
85553
495471
713034
971173
659840
-894509
474323
-350999
617936
226614
841299
235066
-129960
-884868
952467
354347
-281850
-559120
599815
482250
789288
771003
-341293
-496622
53129
-873236
-144112
110661
452869
-80008
-232491
-646842
501142
840200
-615760
-540666
-254850
-821312
-657333
-248545
595251
309165
991967
-797071
-938618
-493751
-477645
-308123
-713459
-1714
-381733
128169
487099
-82108
-914805
166190
-16628
176405
929770
-780302
-274049
-117640
-524100
534527
216815
-547113
-785917
495193
755078
471310
651632
-717203
-740510
-205821
907842
-801163
-578356
-159045
-223880
612848
-99615
-180234
115371
782377
-72161
40601
-476645
-835910
-896936
273353
16712
-316123
904345
923810
-391791
923835
-545334
22724
-370517
386832
-465425
66961
-540314
-692904
-456224
-107862
394326
-341019
-18588
245610
-986314
-341169
-907884
-717004
-525133
752682
542625
849503
-590606
577027
264005
-629502
-603415
-527102
-580529
178031
241074
314010
-829870
-121517
-295896
453747
-914844
616028
712515
469695
818524
-863378
-910525
-411565
56802
-154786
-254890
233128
-799779
-466516
-131667
710448
842897
-313497
587043
992896
-50233
-347204
-911691
-500234
-508555
739334
-838636
-864189
207727
291365
467576
-730580
-615076
-379536
-905447
-838897
831249
890010
-240469
-156409
-578621
107918
-31093
45366
944547
-436168
-148864
-936074
-184753
-453394
488578
-140132
-940196
-947450
485616
415084
-101125
574616
321463
-386986
683844
-653515
144721
-983316
269316
984668
-320151
88122
106606
-148645
-647727
684784
-105101
-67202
-819229
-73556
-509508
-871882
669457
165023
540646
53148
158663
-378095
445744
-446867
-830415
507650
528136
-556891
361607
983320
140349
-970728
-307017
-999339
348641
295693
-320156
-726962
965639
-109884
-113118
-97732
654521
431369
406006
-509617
-321807
-513465
442512
921752
93072
559969
423013
-141955
-8327
750537
832308
-47583
-146480
-112271
-774034
224472
647928
590626
304553
27686
781618
676801
277014
627645
-34344
46634
546084
147901
602951
-742120
-838510
655553
432956
66550
-186699
-418762
-598129
196559
-366553
22507
597824
-277513
-345462
54851
389920
948903
-536316
648268
644774
-418863
913761
372899
220047
130467
-806109
228135
984085
-325100
460822
848450
-754289
-899843
205988
63147
-516056
-432159
169631
678761
70676
-204910
-229812
353267
707840
-825856
550592
-78618
259807
281372
679974
-63462
587306
98445
97009
45558
577399
-506055
-311524
-642115
