913069
-912906
-397407
815907
620929
-570361
596126
-505407
-871245
35028
623959
532189
621058
-780156
-941714
-295510
-55419
-123650
586154
-541848
575051
467688
-182980
-386246
760401
-861792
574056
-123274
-585588
-778460
-651455
-751237
-520525
-266239
598564
-846544
36581
586097
145688
-360222
-469963
981979
-348820
-996507
478667
862290
-460244
172996
-567076
277205
164351
593139
-20341
372152
490239
-664951
-189180
52355
-510926
245116
569813
436020
-753846
114120
99982
-587764
-44935
-434159
813196
58482
67118
545860
797787
832774
-806931
262150
31752
435854
-779781
-831333
-963439
343663
75786
-671253
-822251
-864206
163772
532542
972900
794347
184755
-655185
-219483
251593
-766188
-870039
202656
-922679
433809
395375
