-707492
-484538
58047
-735493
687043
-47653
671223
75706
430802
184595
812681
138674
62430
629598
660276
60922
-492304
-272731
-718897
-562943
560872
405332
20997
819986
-98776
74053
-873909
-638754
-762174
-742672
-6441
-488951
-715148
713891
-270453
693031
816198
-538901
-62676
157620
-178065
80184
88479
347454
-651320
-198102
730849
870984
105117
-844230
500417
-924530
923133
-202596
-678355
303935
705151
510645
-283590
361848
-446171
-759971
488151
132057
-565571
426313
881808
943275
-880196
-799797
-691067
-872119
-130607
-15492
-405212
43759
201825
-311504
836390
-444852
-78249
345384
699158
361565
382940
-512688
-767215
-666889
272926
50842
55885
492745
-5938
840227
63748
-873177
671473
-53965
313279
188982
400671
-132885
35441
939249
-832345
-26051
-745638
-202313
370187
-395523
914702
48539
-140901
-481767
-901725
-406580
48282
304411
281232
-596643
562634
774471
902335
497053
-220363
-866391
4055
96536
-778903
633513
952719
134411
-625403
303971
-124503
-261646
63266
749231
-239298
496689
365350
116281
-71947
165560
961017
-94275
-73760
710166
-3797
-597503
771994
457608
584989
-575591
-570591
9725
75914
803665
583611
-822466
-524424
-463400
-749309
928411
95703
416468
723680
970224
-611332
723014
-544383
219565
904489
-121080
757130
-392191
8473
292979
-240075
330686
-475648
50058
970895
-458926
346678
68024
304889
968119
-101809
-831636
335579
477038
-359870
-389622
-909763
207427
700661
-404131
-118328
-493093
-18904
129390
-912198
-763481
66153
-874795
-703085
674613
-579832
624244
587676
369899
-970130
288338
-676197
-465396
-380613
-571819
814927
-764996
-128317
-987753
-459127
455696
929966
474366
712030
946377
269864
-854294
-294784
-829257
280881
-414845
451422
782830
-545217
-176267
-537896
100051
-819187
687185
648680
762401
174947
504526
824489
960888
847098
413936
-149305
-404292
525708
556143
703722
-783960
279665
-99620
350810
794914
-722411
864900
575599
-49597
-536241
71050
863860
-290625
-817879
766639
33118
815163
-985217
-158719
298298
-981895
-858161
335057
344133
553653
-710049
125750
334969
-174197
696430
886278
-917326
625579
-8770
-735307
334690
-507762
171739
866168
-813036
-664042
-549756
-73825
-243311
680788
-3208
-23202
26750
448723
757667
680574
-128845
-846152
-889607
-580669
263051
-471056
494311
306458
-836273
-258176
293790
-972523
716919
213118
983584
11053
-954546
874324
-28165
-226405
-804746
290338
-818075
968277
-22855
924547
123185
39353
977069
124030
-204520
774225
186862
-909570
28019
-256855
-630308
478831
396461
-442777
599003
35304
513182
-450068
601815
-358556
-635155
-157910
171636
-77226
105499
-409485
436840
-361778
898691
-348304
-763667
369798
818725
-816943
233760
942279
-523047
150950
-707906
-739128
-976716
874043
-265072
996175
208294
-79099
469001
-222570
246433
-666581
-582383
533832
-625810
240543
626688
293541
-768504
325103
-13583
775783
-610681
861434
879984
-14213
674541
181545
-649922
-814999
-766622
121173
882593
-530801
-298410
85408
666579
-172490
437554
791943
-368456
-921140
-118731
243299
422856
894505
-639787
127605
-824306
-662495
985357
-760640
-41140
-117055
-397216
140069
829224
-46341
73733
378033
67546
-700621
454963
996196
-720064
155799
318057
-588390
-532698
-440720
-263189
-421956
142052
-840037
707109
-984326
-751458
-759061
254915
772288
-354473
631514
150213
-848962
726737
-985089
465817
-366549
783527
-212537
-846576
756282
-441979
123961
-735660
-770937
-713406
-215456
222089
807850
228628
955720
632868
278909
827402
256745
-521890
-577351
-357840
318063
855076
494911
220658
781850
179207
-55901
34916
183540
424328
614528
80118
58960
140119
993628
-799779
-424279
-908794
-562675
728181
-134059
-370824
368102
-557560
-711208
-331830
888143
-204285
-737322
-408445
-678728
-744579
-579461
500589
511982
732448
-500823
-534315
-436420
720640
294382
843818
-301015
989377
-244907
559020
-119244
792995
-237069
-773802
-512865
979518
513478
-577560
401712
960655
732956
62694
155606
-714583
-399844
-596164
640145
707113
-448458
982956
86665
655605
556423
95794
-681401
-558543
408962
741802
793640
693406
-35312
-564088
-748412
177434
362468
629098
390716
-381293
-772533
582697
-917792
-848111
644811
-440236
-298079
132114
10886
-381901
-569391
-405030
557752
361287
-835790
-428634
640927
-863061
694891
-163136
326929
851816
-581068
604685
-223306
288599
283870
727702
183163
709982
-870678
-35196
526613
129317
200264
-47691
-70013
289958
-215128
-130441
-259502
-811050
281755
652196
613570
-183388
219328
-946861
184511
-950901
690973
-107029
375631
-366729
-344151
940597
795506
786538
-124424
302361
977290
580033
-404471
331197
43378
-540878
399285
47945
186095
-809229
816639
-791348
2270
156074
-482204
368435
259152
-94305
-401978
256698
-989964
-385852
661045
130538
-867464
-760828
-836287
-764996
-701497
-253471
-144051
-259795
-511196
-500284
31171
-267929
-736659
853344
-259767
-917397
-869447
573265
-437320
-275277
-822400
-538126
-253173
-320908
-176431
327806
-22325
-801373
208715
-704501
-570569
851080
-201177
-659288
-92423
-174714
428455
239790
-375241
785173
-463765
691803
-917796
-142101
-894833
790958
835516
930426
849008
-125506
-1586
-573417
-813987
256998
175364
796376
-715131
-848200
-602350
-359274
39840
287415
-353785
321483
816500
414395
-3005
10808
-498969
290287
248647
-483690
309200
-289999
-784255
179816
345544
-747022
-298222
-62018
-987762
-847935
-349521
-685009
935202
869768
631909
91635
403995
-163182
-475244
-355872
34502
252101
-706552
-835350
155012
-166180
-334337
-284239
-280271
447409
-626437
-941454
-432898
29227
319424
-397464
508812
362227
50073
209451
379714
-189944
71103
-993983
613992
14744
646581
89809
15842
-988752
461065
-736032
-328958
928547
776701
62478
-682305
776895
906585
100661
-209900
200955
-221370
-661837
644461
-476516
-201508
148370
-689970
577438
55938
554608
74266
-352371
166020
970902
553980
302588
274863
-337975
59533
-217052
-797909
-867586
307339
28864
462941
-138435
-866896
717985
-479639
-453119
83862
526500
-43223
-215086
800423
348954
-305965
-969316
-18837
-282337
-376494
311158
197404
-910164
-645270
-112136
428160
791895
585343
-11613
257772
-969482
948126
208483
897096
-553052
338151
-108713
-118568
-150095
-21746
-120679
-327087
-888022
-803583
-44233
25090
227038
99802
-131523
-207716
889498
396591
-905692
564014
270050
-464144
763905
839584
114497
441036
884848
29362
894648
196628
284457
-434599
699638
-993367
256746
553310
-895455
-449293
895758
490586
-757363
-388023
-450224
923416
-458537
246340
676559
605023
-787988
-450330
-365778
-913728
-113825
-8795
491887
710263
-338223
-188419
-972658
-959567
960836
-162691
936222
995597
757718
988428
-328618
-765045
-925469
95108
-188459
-854667
892802
-574220
-47336
608735
145320
801072
762483
89272
247478
-284415
-798391
112995
-674092
-535791
-1262
806371
-617023
-938588
466123
419134
-170536
-909274
70274
906787
902155
858504
-164387
-221549
136528
552078
-282400
-804628
191950
326667
982438
935359
106377
-421662
-963559
-885929
33936
804621
-11055
544585
119965
-60217
-957505
926653
-856850
-159891
198683
-407803
-745102
-811939
-561939
-27640
972768
598700
250728
815315
30678
144365
-82129
477578
-886877
968048
-983457
-190531
-152069
-387682
240795
-524599
625420
-782454
-959433
-80352
-501748
-379510
745139
295241
865967
914702
538606
-392205
-415971
-631538
-173128
-944472
73814
-563296
310264
24795
