970
20
710
386
524
375
959
988
283
542
655
97
958
981
517
842
239
383
992
815
872
818
865
70
27
627
308
283
294
599
607
302
767
191
543
42
19
49
477
139
672
673
918
108
256
595
764
603
376
813
819
344
371
604
711
758
512
717
219
627
555
794
703
536
879
357
184
409
619
841
480
38
888
217
553
224
143
336
941
681
19
832
239
169
798
814
326
747
905
54
402
478
795
261
368
661
928
860
101
398
282
188
282
311
148
892
395
847
944
121
22
113
442
906
484
478
770
970
538
289
484
808
45
674
219
72
63
178
594
296
45
354
569
799
600
342
296
189
615
458
426
698
574
152
792
346
119
17
307
917
114
882
148
786
690
530
906
482
38
246
440
525
396
564
713
877
33
547
446
689
868
574
771
595
641
198
218
961
643
981
866
860
916
541
696
758
221
582
770
585
290
626
981
788
307
467
216
701
553
462
579
736
50
98
596
259
875
822
463
715
667
427
135
488
809
936
34
447
992
185
824
465
562
989
669
424
815
13
274
972
950
229
378
332
119
324
372
128
839
84
923
952
978
305
28
6
148
828
72
437
843
630
15
366
507
565
694
490
58
123
605
101
863
219
310
720
300
324
476
683
646
349
531
533
383
970
546
591
343
732
193
50
255
260
822
126
481
857
667
608
395
531
193
399
447
113
554
958
341
388
824
35
226
627
219
358
413
770
181
756
319
241
125
226
697
498
50
926
933
885
497
427
383
374
266
644
829
430
63
423
397
435
154
23
438
337
910
0
455
578
635
447
779
159
26
72
512
420
438
500
748
635
399
426
933
89
831
304
522
401
274
152
739
486
487
291
342
29
792
640
675
53
817
443
315
811
248
849
688
574
973
798
955
857
326
15
249
115
676
168
508
570
739
851
626
0
859
140
794
80
950
551
733
722
970
403
82
842
549
423
7
156
85
737
460
841
655
7
764
897
790
793
841
239
152
439
202
527
380
328
998
849
527
467
991
817
176
339
394
891
56
813
34
296
751
596
44
980
933
473
815
419
40
959
367
420
19
10
95
209
278
13
662
767
173
42
676
690
119
488
81
825
377
38
55
157
310
179
758
525
316
509
917
252
936
272
926
279
834
658
711
114
942
282
925
510
913
150
432
694
35
501
576
308
127
932
28
401
329
390
519
539
290
331
305
280
921
305
255
260
383
417
496
389
500
374
124
775
353
446
15
753
776
904
398
784
920
97
500
468
760
432
601
386
729
452
875
245
144
249
571
720
937
418
236
396
155
579
471
850
923
559
141
262
974
189
538
502
737
766
82
85
204
814
797
738
458
517
982
38
456
53
179
317
887
204
827
889
658
190
646
618
413
98
420
643
813
278
412
831
574
445
904
571
449
641
852
39
402
55
116
380
839
422
451
648
819
995
237
69
909
654
575
736
373
997
570
950
686
715
857
666
371
265
570
623
912
720
563
349
214
575
469
723
920
141
366
928
775
213
842
432
977
736
116
874
494
986
207
225
905
520
405
314
288
662
480
925
927
135
361
663
911
196
105
115
775
721
762
337
10
859
790
586
327
183
968
390
932
86
765
185
124
425
528
576
846
509
230
136
832
687
155
338
270
702
704
628
374
79
977
775
403
889
528
23
905
96
92
63
841
901
813
368
730
969
299
824
910
137
268
104
539
671
717
284
619
61
711
283
127
659
494
301
345
756
957
406
915
179
138
775
266
213
899
850
74
614
619
190
578
15
704
430
458
760
588
154
634
964
141
643
906
938
161
144
94
969
41
149
257
271
209
258
498
259
282
229
834
192
409
803
362
947
398
175
725
81
611
511
629
371
541
491
671
44
127
358
74
576
649
573
699
127
295
227
373
429
568
875
762
827
748
643
879
482
377
944
670
180
127
127
14
630
607
995
51
115
918
186
897
239
508
814
760
970
291
200
862
495
827
870
720
116
753
331
663
429
724
378
304
74
812
790
732
750
762
103
578
288
972
610
392
565
527
888
201
368
940
280
715
104
14
214
500
721
698
415
487
686
336
764
443
610
249
841
2
557
213
216
76
181
935
209
735
168
919
537
958
301
402
283
893
765
275
927
713
82
884
517
62
984
22
126
822
685
679
701
833
76
98
235
59
474
390
269
521
960
199
608
670
877
898
391
217
690
799
255
345
123
235
601
943
427
177
303
929
465
18
307
570
243
473
255
808
563
776
909
42
170
299
8
312
377
958
316
598
370
112
312
99
36
844
119
243
264
937
925
473
353
841
163
862
580
365
400
394
903
711
632
