113550152636844446931621790615099824523
94813683607335809210305799809279923247
4734765428246363666391047504285308721
91975696999515645647522022717011687551
20322891771561597411811762629586589251
151584042077600510027207135053423590589
110198783346703229255813266154016396511
18096275025234186989095378016565794857
82703414296291515512829934824032418887
4586474525170800143183191169573978731
85466233136380125802736387421004398344136159200602075319655149766485860179877
54979469086273267747121641592662274393233256718978601646080301292424303357561
12330260396945350067955472397817326872247005131670524547306268013776630470109
35006372625107498523831260389290847197614944847162383890079459458588238491359
36975353100879235744624850762642764915294832428788411272958401275643345786611
408801162914190639058943863181469194614285290333400489444096979431258127281
19107249545180111174293889170737899965306829948610104357420439143977548414571
19164620367613008105456904622833124803718692654744109515400628836956155280619
5496640259629990029003060041894703236307939255701514840616338791986089301391
26972281192471616309689680094802532900885317357196061908255789810966116047913
1089345507748858158414176119755062351948879898554010075186744458908071780351203951439318063483692429699449801040583785552202781450821213070279011674296273
4258614606325560860303224228769142829967648040360620024026836814675723711617070523052589110251057147288635368014870893433439152577036169434958836164703913
6004991236269726402975826906890687254941617459304022907589428380458477047334590423055392547946308001207915320393335835990086414939424290378775478449787731
625210007973669582502020739869959003784016682068031640170128018721091291514172937158853346839746557259508232259384024796913820628509670234420947915562491
11314919923508741283554374184019592656885324624960948672944817657229361305237307886703208160464220486987713468478853203879946523524964032626267774684636863
27078835832843709262026561580039922677965856493327445852697374989840516690462242109740857718909607483823252438868165172955493320992173829282497241235293
3613747908381903200327940448300596868672930706247803611695917971217556916979129616949502296862011280307039421977651368604906927287808580199972354162677387
1777784006533058868462152665759720144606366464570181376371384946770165862504805847997869748899752267133312173658811837074428590160981386417131887295556261
587216989394802871989386519192308222827887515204598367566997757415992818212279821999732469512890232873054550446110902849888345010790202274593948206747121
2133263493513178716301103766145189564271213701582469387563740894127246859721379150305392057258712444732210021929451842351692550528574563250291825663153053
27715952838323883918232567829414396172175994197146899863037965816875179245762138542981855372149199422207237586258789249605366464991085978721147430419161904630832083545941448799925996773575209550123902115717923086593762494062684949367631235539443726458468488366627789911178824656876944166647294854342749192447
5381132631184150332106834454501319309490722746790661935218671641847968182205805904216234066598723481136325204603055235241045444216046678021216631147054792314392975545206718649310055696062664473923759678781593248502829493503414391505953533409499733348809983629670589780328353400999748302247683051757732235877
45827398626831132015290811578559894970182609485895416263994687101931778664742675915855184281858339043022074032801043630354249725541366953807040284255143872213397691786443792383981393960404379429054126465823932639974690528145754330333651122972518001727245360225924242850627493637935237851382639736583690941473
8785694353518153076882712620472922342985616034840777042896617084640613553278892565175823372048496753952741143836842340687633620812783719041749447779448803460513698197186326620917632310551637016948750053402119313660526834003514518608773725342712666846596187005323824389036440782741949199350900655601365316687
11201570348551847875662139825595544376882685798826195114736935758290378593087218191282473750303569172510949361523650516472831671928393090189253371471787567948085898959898494715943512086712077715333622049694615714253370378245594563067377183916593848859696805833718323054417219009634798686543792723352691681813
18925445722202563545275286973622284612458476071848045758022133434412742019379267900737397375567392142210434961222695279647179954544000168891030949153705185860787615815197504740454403817132284483444426060459987053793635114859368048832225747034638202260518811614924477291468440995859961880616475899123919341407
64236583493512862242665565825346959473937609832799987693566003716970483482079103518241447201850413955224939188584840654277611377992494690293920683114744673006314761262936460845053889228157125667777770716131109682676022710239755127112752751754330097042124760592351329396504196149551887403262257919670644143447
6474162439383657525813318008596985213621820637050704956917742401258836784492018383442853725453447747710245414411051087795243347108459676115770137009328100414838092640130751957046720760582981469641858226287752857387403806036825392428890084818710923241643763300114940055274123156698765705013942816317277963977
125368320960364021486386402356439450619912345008935519486990464841328633116425987131752364120308983027603978384956350555999626385557408654362927906912886038433232660355602214196238260944254114395721426291699795801761356815643469125167961111451224580147608047050848013292904171044003226454997989564835609327983
31978045601328792310178519207932994902551737900588188692404187504569247891550239996681073596369649225106093576458827962009481457202158795764812843013840936809834554619368983131488352659964470878225971066944077609882744459710197180754101852194297815949886094101454719136878381335689634075393906570766041070559
