-426344
533864
-154201
894048
-868056
-461935
379423
379639
-923838
-753055
-785963
186336
-788271
762889
837872
-653053
707154
747489
-295464
-669092
621233
667262
98706
-114742
-537845
-959266
609377
-844562
595717
-950553
-680865
119937
-975968
-966083
-679825
559677
492222
-811344
746996
-369533
13228
42939
97175
997271
-897010
-371638
-753272
283424
394234
176539
-253887
-522935
69910
-763909
-334097
224393
-82067
330743
-500925
-68575
-173799
728826
868952
613400
140677
-972492
504607
-133707
895795
287312
-697331
959978
488210
735552
295888
953493
-684540
526689
-915747
-562635
701764
507037
-857468
499453
864332
-111584
-391563
679514
-859854
-950600
580122
609555
446634
513938
963728
98370
584021
-171025
617415
-162068
-608226
-460085
528707
45007
-426099
625978
774328
514808
473303
127470
160362
-142174
-576034
825193
-809021
-93440
-135662
48915
839784
755291
-83735
-540078
-763649
-923990
724706
974813
-497880
-731895
-349964
-180496
370427
-435595
-408977
547338
-571146
838430
714902
-847712
-467239
-987556
377061
254793
-526741
-9578
680011
-718109
81301
235687
839507
-607917
107992
-673047
727760
-266309
-778860
-80916
-992248
-402658
916843
760640
756384
476640
696722
194494
69110
212731
210851
311821
-141824
316586
-624997
-251152
232089
601840
-991167
-296517
329660
692246
-114976
668247
423937
920528
-906976
-14240
889799
712787
755102
984459
-3059
-967159
295084
-137457
-546234
475914
-859900
696093
-362365
876219
385432
476736
14953
90268
206134
485333
-357797
578788
778052
-474183
-356467
-675256
211134
17839
-222479
190675
-828114
627489
965372
-128636
402612
734987
-836471
587146
-776538
-6684
816100
-731494
354099
997276
-11994
359149
-666782
-701849
-362929
-730825
921835
69287
90562
788174
-693595
-468584
-606028
853695
527925
-733290
117465
497867
-242829
976989
-539148
-683947
-689208
-25958
532109
-385130
907446
-701801
13793
-790686
831949
-530501
-401069
502269
-676610
-437709
-646159
-227333
-227024
352561
545779
443395
-159488
-526196
-68310
786785
166631
-627273
-956460
763970
-945972
-73021
-461133
-580871
-889183
644519
62386
-246377
22341
545338
461723
-265731
684300
823305
13798
-542961
-925813
-163280
951311
403435
-853549
63448
264208
936156
-64752
-804144
25402
-996488
-931255
913089
246102
-512464
519846
-455780
-295411
67321
-947771
607210
-388846
-23420
946474
300504
-462998
831249
193515
883511
512715
872986
597932
435814
499634
-647094
530813
386471
35786
735396
220859
-66463
875029
-855600
-124554
-63100
-485627
573255
-676168
-891220
-387581
499400
-649723
805671
-240895
170412
901060
-952721
15985
594851
-258569
-721754
429458
25930
-936722
205362
813597
616278
147330
-738528
981391
-524728
885031
460297
-787424
-834605
238516
83031
529076
-349403
-367027
585499
-720373
-585900
355673
645326
-590303
-802002
-181986
-615563
-36160
-865149
129369
290294
79437
728439
511837
-816186
868943
832364
777875
229190
-212808
-980150
-2628
230558
-514431
-918959
475994
860515
-44724
328946
-387527
-105514
371946
871560
-505776
619142
112204
600329
86852
602993
851120
-13312
-141773
-294573
-164895
-941816
-358391
552897
-908356
-602416
878615
392242
-757615
4078
-150735
-348774
216724
963795
927919
398237
287280
311523
-959426
-992759
-95367
-231795
406801
-676285
573182
277503
-436592
-725970
-335012
861486
-743194
205340
-612444
-139446
-415865
-191077
278570
-268315
-940675
-839697
306501
611535
-989524
-811326
166210
620492
-918476
-855727
-70210
-394781
-475600
-835030
-775358
-810584
200369
-345850
965411
643931
-200787
-654084
-745064
-209127
-257070
430472
-255800
-648012
391170
-943909
-744570
-156559
889852
-840278
-837958
-604019
497499
994465
-327198
-414886
174649
672606
-15998
-395031
-348081
661177
450493
500280
-300232
699199
686688
845207
-376872
-189166
815254
34746
494912
96640
-489766
284768
716881
74584
-989153
-588366
246209
796737
-444636
639161
852544
-634228
386200
610805
758972
-914526
-672229
-219754
-179709
506123
-196872
-487932
-463043
-979519
636073
810095
-581218
-181265
-317175
-253663
-526107
-175635
897091
-319499
75170
75756
941294
-261891
397673
-636345
161964
586649
-759869
996614
582340
-432850
-175380
851619
-688418
-211731
-619091
53909
990662
-404386
383836
-318926
208522
-13684
-914016
677013
36242
-591859
687523
97384
15280
141073
-710988
-268421
803308
-24208
824993
416163
593650
589786
-890800
510092
275655
992615
-737909
792542
-205563
86832
-836041
279580
948236
-504902
588578
168815
604774
-471625
388632
-614999
-132727
3422
728306
715464
135400
20038
-190740
514860
-246788
-219284
593061
589977
-470893
7436
-805358
442064
326908
-459815
-34408
-880132
-123054
970816
-994938
102789
-593673
426759
284411
-581924
447757
338222
776935
456214
-230609
-923832
332714
900197
443000
144435
-263351
790916
54157
418793
189631
-902698
85408
621514
459045
-506117
781816
502846
-273718
-919828
-437836
-108051
155086
-382250
88602
730809
-37266
91188
-368831
-149369
-955122
235909
-972939
-774611
737672
872238
775442
-786523
-875989
319478
667037
-105455
-803152
482730
-881214
472439
858213
-60007
688442
506751
-120265
-745388
-559641
797435
-442439
518725
744116
-305781
-364130
-370389
-387611
-208901
171853
-121457
50164
-409124
-130973
-427590
-958279
849483
-455820
250643
-463751
-632804
-524980
-993713
-789999
-532251
814701
670463
-13920
949653
-885015
622807
-931378
-596676
-272157
-284812
329991
29858
-610060
-801310
608850
472028
144187
-292987
712844
714039
721860
671872
823441
676522
-350886
-180945
612891
-188391
787424
857548
-145268
150068
14037
800759
-356101
566249
-627855
-592627
-612250
-981001
801050
525725
-76379
-202717
164581
-962352
792259
-58960
898289
718015
694249
-450847
465922
311834
467507
417555
-805544
927691
-876049
563165
396217
427217
-136675
479341
253656
577461
-961173
352649
-766386
-358227
124181
-735991
321929
238871
-151686
262141
-621296
561560
-316168
310484
434318
772841
-500835
-163131
-435765
-519293
-747041
-176900
-471941
492412
508068
806750
873614
616744
-464731
-691455
-520973
-262936
-410418
22970
-274646
-957230
-363396
-228312
362143
-616425
-400589
489752
-843485
-786598
-987150
-163514
-316155
-768463
-194196
-250104
51192
-124156
299086
-9720
366616
425028
-881636
-503090
-609032
209613
155638
-294317
-457040
940242
275538
421737
-910916
487927
366389
419427
-320920
-17061
-863012
-444829
-365430
12280
-744711
465254
-732049
-884704
103251
1805
-961733
924755
807566
-639338
-321363
-881991
-7456
424460
382634
-512960
-454700
389818
510546
460780
-422614
492936
156422
133289
631886
-765529
-572138
818699
109666
-650741
26393
54715
-543098
-45401
633096
-361567
869586
-802179
530071
-981435
491574
854509
-959735
-724099
-400343
685207
-471423
-713401
-510651
-652033
-303697
934372
685051
629179
-431771
462099
-588017
-553374
599535
221473
451405
616599
455470
773075
-44452
681434
377871
-539451
-745270
793287
-329988
-579749
879714
-893239
454911
206369
-568156
-168685
35394
-95777
-954959
-107341
-750335
-823888
592337
201782
954725
317026
-226932
887676
-618568
466866
-792357
629499
949242
-369100
135271
401622
-444974
986366
-411729
-856042
552874
-549402
818237
128072
624205
720032
-86932
-671623
-327174
-287960
-137706
915387
552837
912122
-466651
873041
-822486
-907406
22865
875690
-865505
-305022
556503
970376
609228
886798
-921075
549712
-31907
339003
473925
-405140
-834849
961476
-301404
-953334
148538
-177957
15071
-939746
-148281
-151638
-855441
-996673
-65218
802620
-14339
961941
558918
-212933
-625119
-378480
684010
937427
-386296
444311
-696664
-829283
-984675
-844658
-863667
-399903
-540232
-736123
809968
-916606
804858
-717735
-545738
792389
-669638
-295087
157571
289991
596724
609327
-210303
837345
-912684
-784476
-170454
-64723
-870485
-510362
-482854
93170
527920
228859
617980
-992004
904470
958200
-558341
-499229
710413
940546
-105085
-379225
-978964
-723909
-151888
892771
308436
352569
-981266
-104289
40531
191360
-813422
156364
-533648
844369
-591435
-92622
-533925
38485
-270422
827901
5503
510590
908750
-501282
-25816
721448
-284543
457779
599317
-729949
-409586
-84809
286781
-556251
-591974
596050
809261
-99289
-193182
305178
-4334
-517236
-157070
-476286
-387558
862137
-225962
423455
682761
-726403
-838187
-307634
-818262
95663
69821
-645914
-150200
391717
-723738
910735
-427036
-540862
155927
66127
207050
254014
-256610
-322263
279729
580179
-253104
-372709
129324
79002
-497459
-661939
-257648
906523
138700
916650
724199
429468
992833
-751074
606803
-948499
959418
234916
-851049
862657
36807
561305
-143697
-296160
-654554
20480
903735
105689
-747626
-794992
-524011
44820
855070
-865729
-52060
163743
-627896
275141
90675
56091
219260
597560
164724
-74756
-902606
-404553
-657342
25340
712909
780558
-859575
-842580
-666196
532182
-726132
633716
890127
548840
945387
658408
-928858
580770
881322
100608
-285968
-364186
679652
-158747
274257
677428
-244230
-247301
923696
590809
-473548
-346619
-296411
-651338
164143
542523
348668
242153
238007
512838
189010
-145817
755972
-61148
-455338
-990442
-728948
-177739
16705
-145600
564446
-726905
-440056
821200
732944
607951
-685699
-542994
811302
360960
145654
-971589
-1514
-702542
-539945
-910990
-729966
741176
-619937
130701
-257153
-960815
808813
-429106
-268210
917149
-538490
649720
805316
220842
-849438
-975756
803074
567353
-279394
724786
727907
121000
-614531
-827435
51060
-335066
782940
-612150
186326
-579156
357027
347598
258069
210107
609668
538063
687556
-754398
222814
-422775
349856
35815
816513
-235802
-964070
-931512
505329
-517405
-581479
327262
-504809
394913
162144
-531316
477430
81626
107587
344126
219719
552256
-448544
-803248
573201
490593
-25537
-692985
-525268
696409
168997
837551
-46941
-851030
-647254
-355835
-528186
8940
66246
-58642
-844175
-849923
-220885
-117256
625809
-224454
-93381
587410
354847
-565476
40203
-838270
-222986
-532156
216192
-784965
-619623
-153603
255787
-62316
-433389
-420833
-614315
480292
809758
458321
-856662
-463382
833915
993303
-544626
825330
-262110
641183
-717260
701225
-518414
73322
-24655
-880434
565702
424761
383900
-728531
-898140
-162613
787726
370696
790459
-899675
833251
-305506
966731
422708
136808
804678
-80361
-332363
-12633
-506683
73064
-676769
-887824
-412679
537360
219398
-350657
14639
833109
187133
-728649
450539
315028
879899
663094
-699055
-243539
-505620
44898
-234984
146496
361599
-380381
391756
-971603
-789173
694971
-642483
-715368
-360885
652525
822825
627867
871607
-592201
-906573
-706865
453180
530384
783401
-979929
345265
201301
-882170
884851
755184
-875382
-651275
444173
874357
812382
711455
908718
219815
426505
234311
-992914
671415
-773724
-166863
-715724
922719
-414227
244606
-777947
895278
923067
-301007
843468
-628937
30898
923285
-916727
-864546
390259
-455224
-944598
-787705
-679565
971320
861984
-298471
231542
-736280
149226
-724501
327921
295720
268468
238633
12473
-436803
-603920
681009
-268714
-901630
801335
-714542
773883
-379377
-806278
479362
-560518
814195
-535453
-838829
-8437
185369
-647532
686513
-101092
-354983
131296
197093
890593
716407
-383256
-78125
837361
-81287
810302
-280723
370643
-679822
596052
903934
386917
621396
393556
492390
161518
354494
223825
-477338
576634
-784063
494648
643660
189356
297490
-739457
-949547
-455594
385642
-764662
525569
763186
351880
-902794
-952132
-162440
-864695
569401
291138
-618804
978140
397774
-839794
-965110
709933
117038
442220
-338912
398780
218726
530349
-361695
-203419
541825
694701
-97609
892819
-677041
-876422
794070
-203607
-62963
398715
316612
668035
960743
-239331
-96871
119920
253784
-802311
-671493
-9873
-853892
828279
-663256
669986
20373
-993683
846114
183828
688195
-448455
-727964
-655467
-955054
880591
-559726
891993
771580
503197
-118301
-242773
-689696
606055
-696613
-376831
577218
176157
-178046
568454
-581267
183946
496904
227381
603115
347938
82826
865942
-868632
-976042
330363
734034
818644
-367986
317003
-989683
-671354
339933
949182
316061
-682074
392470
834679
407246
894275
121313
18298
379376
-107319
272839
-516514
448232
490768
794569
-170413
251255
768319
587316
-137913
604868
-596521
-773966
-139700
690348
445360
5330
-185147
-911329
-934173
-770682
860816
820842
462827
-140842
-998610
-377281
935553
322270
213212
-843091
-963896
547526
981131
281985
229107
-209358
-921808
-670723
941572
309312
208041
796504
-449228
746277
578018
326147
-838724
389962
-383349
-573350
198428
-448194
-4304
-531792
-413482
364411
640642
-582363
-125138
-753679
-931580
773474
-55187
788647
-578758
-59231
768799
568029
116165
86822
-890310
948033
-973793
-648119
343906
-484202
251057
418138
-926314
-601699
-378629
-322255
-45730
602170
-100203
-24080
-242591
794084
-708052
983210
738289
520662
725628
677951
-630500
-622246
254810
375470
279468
-629094
226129
502500
99848
311695
183923
-262846
-61720
-481040
-481018
407637
629308
808481
-37688
976209
460914
140914
-655078
-420509
473319
296772
315009
420372
309657
299009
878755
-21519
72867
-706361
-62553
-706477
-908473
-495516
-762331
-828954
194413
578666
-88024
-27387
-894463
129595
-904585
-185918
-501554
987405
909710
-809533
474747
673062
819034
783774
270365
494259
537385
-913733
660552
848448
-636667
103788
237271
601212
562875
-203442
218523
629514
117429
-606605
911910
-221861
428879
-341084
360311
853035
-542568
908131
-878233
-81441
358829
-693730
-303637
-62029
339949
-199099
56622
211967
-270515
-884952
627334
270817
-945060
493092
-704506
-179623
-368993
50190
864006
-969005
-635578
955698
754252
-983141
-701581
859183
387733
-53523
447334
278652
-788890
-178459
-29597
-726940
339348
-467759
39634
-556185
758291
-927992
413600
70684
-599301
92206
1240
286245
518138
-419567
-399813
-834706
-838929
374857
-570731
-726888
-364967
418834
291056
-418680
411683
373868
328600
845757
-675953
68183
83780
-545352
-624345
791186
892644
158055
-266844
768711
-213490
-292622
468988
-438715
-520619
812465
667880
820700
668790
-695899
-654909
299915
69995
484508
491479
116629
-50451
-282422
330583
-535423
-151483
-15645
472317
-337241
-382063
603890
30908
-899106
134998
-434012
-971770
102426
-906802
531451
-877996
-403310
755929
761231
-48184
-465398
-243502
-634471
422974
-529891
216383
330151
-608291
948072
385767
-483040
894558
412586
-161208
-344519
-23471
770064
-205225
989694
-302480
83127
-269000
715700
-626510
-566596
600477
381134
136390
-629314
208041
716352
-948202
217975
488581
-591114
-394961
-872005
376889
-111199
182797
348356
631761
-488957
35934
835495
390437
224777
-771908
-388603
874530
707365
840364
-495758
-623878
-529148
185484
-131427
-654837
671501
-865758
-466762
-366809
-348129
-75576
871653
684351
50761
288157
-27565
-37001
-689331
-994890
806196
-392528
539978
-171694
480218
-551147
896027
741830
-508478
437922
998327
-509708
212711
-382321
-248369
956817
-237810
