-451927
373107
65224
-670196
644866
753583
-807211
970157
-489718
534234
-167513
863031
454293
-32438
45094
2901
-207288
422274
-598058
-139478
852741
-247279
669549
358618
372584
-888155
-760338
243963
-372229
-834438
-461066
962710
731594
743530
-24062
-374594
744696
568132
285194
542358
-979596
-409873
-444474
609133
-528652
838473
628089
-576635
6717
-789609
812777
914204
655172
-695177
-122222
958513
18413
287191
484655
778842
-876244
-775193
-175616
704338
565865
500810
860140
-34201
-497677
752245
-134371
-456143
-657200
-902025
217827
-22207
-745220
-895542
280119
117485
352277
34193
320057
-956195
-980409
-259806
967834
-817910
127514
720083
594334
979522
392474
587932
-220264
632827
-787731
-554696
849171
-35421
68398
-285204
-402909
464336
-161257
781925
527815
492570
-757126
826
594373
980808
788845
-275662
-218931
-145281
724497
-875807
-324869
896851
397780
-906681
-46041
181905
-70739
-771590
-685561
332636
766418
604684
829962
-104258
-580496
311947
74244
-74532
-953127
-248408
60724
808301
79419
-579881
199077
-771099
824930
549354
148246
381250
-181110
589082
352368
524945
-647608
-102585
216898
281867
270156
227833
220020
832268
-78704
981056
361177
915120
662441
567573
-106498
282680
726074
951925
3078
-506160
-768388
277005
-556282
778977
-269583
573987
-398138
-427694
430890
-2900
445416
-842431
287143
-430409
193689
-775707
-29262
-258336
533439
739060
730862
986596
468881
-613364
-68023
464469
51230
466448
356178
-298760
-578850
898485
-773075
590746
-978398
626422
803396
390688
-960697
448775
398789
-98404
-409935
-735094
-537716
370163
-578682
692557
-62696
-947515
-887778
335531
172974
-644178
580776
98812
-340201
-124497
-225385
-271044
-984900
970927
877624
-24906
-158837
-762949
450669
-557485
-784368
234906
236115
-908822
-423851
-444984
11501
-866898
-62169
595401
-760699
-919943
-595390
329821
789475
-257742
585023
-197594
-890043
-790545
-57561
618339
-606262
909180
-654026
476563
648494
834271
271007
483730
-338289
-76305
-825227
818978
-172087
46820
906056
354486
-120277
-862611
-971882
831489
251656
702478
205942
-612166
-482004
432378
255339
593324
-262099
431557
-369326
997137
583767
338612
610513
589286
644052
576716
929843
232374
746159
-869207
286329
-194855
130503
335445
-6372
-764233
-56141
279837
-933836
-468583
279677
148170
410704
13982
717274
369741
-402025
-408930
526796
155576
690901
-296226
429743
-206335
816923
-901856
109713
333382
-592486
80898
192931
-505986
453492
-285061
-582301
804418
-74481
894896
834718
-318972
-256883
992173
462433
510035
-303692
-458400
-671736
-661336
-26007
894088
634197
619728
-119099
576282
738478
-29656
-464646
-501436
349177
-132878
-11737
99689
225537
866476
-171457
713670
261408
-866862
662111
-718112
331827
-683602
351902
508052
920324
-921292
-951203
-11026
122825
718269
34608
917069
-53704
-660990
374731
-450172
-631412
225872
703491
-445143
737702
710631
519752
-756538
107458
976652
-367746
245359
-95202
700228
188479
-511563
-391189
-652965
55071
-522399
687307
-216273
-292909
-411001
-727929
593448
520245
211145
-61489
783172
698331
-575701
-367716
594050
115615
-57991
-461680
-21413
272942
-49670
-478564
104205
431132
942240
-371884
-862659
983962
896148
650471
-6552
-16701
60276
982619
210914
611863
464640
931722
-62855
26986
-897402
785289
-265176
997895
-844239
-896256
124661
-898497
900755
307652
664100
22359
891004
-245952
-870559
-709943
339611
-643773
-229106
628090
-944649
693345
90701
474685
-28933
17290
-996763
-715872
20233
-134910
-527059
359865
424258
389955
-789488
-593103
-582448
-470183
-388247
687564
887130
373696
63227
298576
-819903
426542
312467
143423
-452104
-50839
217451
-952175
8299
684880
-332901
581708
154111
-133102
321012
30397
-806941
-422313
-218867
472076
866220
-813583
-536459
380482
-471074
785002
179691
-322304
-8309
520554
968971
74013
599770
-811530
84511
77220
-277314
-359659
-168202
-648552
-170730
280098
598909
-866445
-436771
394007
531301
-989677
-637970
711913
200121
-565700
-157241
246625
54459
-645098
586963
-284330
621850
-642264
-745716
-812197
389078
764936
678700
109529
493055
556973
979634
-283349
270902
-526336
350050
610095
231675
-515783
-951499
325836
-379443
-557305
-118761
-655765
-500859
-528275
-13311
-765248
-94381
387187
938985
-612516
838885
453048
-337035
-920271
-900579
213393
-952103
-647451
-5997
-954806
-815413
551738
-730099
645212
-874992
373189
964261
474617
845679
991835
218973
783058
-833044
-526146
72366
-842489
285487
252804
27603
809433
-861865
-80355
-189379
973469
-968769
382987
-11482
-64700
713395
55386
567951
873012
-451841
932053
736769
356214
336222
137680
-219210
594166
576602
497596
967784
738521
258532
221567
884903
-788934
-881209
-694455
-982819
-152883
240632
-1814
-256285
47750
-632577
922436
-295892
-694485
668313
-66948
-329207
704222
-254858
203277
-924332
675614
-668048
-701863
-127677
-755739
-840611
937866
56768
-893060
110740
35369
-937997
-249213
-388088
-701186
256895
742617
-85846
-542757
-135482
892545
295215
734618
614927
539098
-131566
52826
743744
991611
-217442
-103034
26355
431333
-581322
-602795
-619930
931890
-787863
790052
-570700
316459
-10830
-428990
-95676
-141130
188994
-748306
372485
361589
-847830
792378
573302
-137372
-497794
-267979
578328
647410
-979951
-227903
-846484
-553683
-334133
-856895
-380052
775735
-435769
-42795
-310839
404529
88615
232679
116841
622618
-613062
972069
186852
-454657
868022
-486198
244153
43751
467376
943141
-869381
877577
-490615
877367
-821050
465323
517803
-442627
-757043
-718248
983902
622746
339180
648789
-684714
-463549
-832473
-31834
-80582
-203408
-741179
-258005
-258603
-541283
-63099
629909
-783063
570319
-43899
-330614
-12266
190957
-604208
939229
-705325
-495379
377441
-771265
-122019
641446
913097
193155
-68703
607740
567673
-116177
136791
2224
-816071
-815108
345588
-487142
38755
-914533
-436009
117050
395669
-986784
-507741
-363936
627912
-963359
280919
-633981
-449601
139092
-363448
1726
194400
-711255
-783132
-853347
166607
-359304
342788
680035
366328
432266
-718929
-210292
930431
166792
266442
619330
-20549
-277700
-268552
801331
-865415
27172
901438
580976
605761
-838813
980580
728830
-686547
632031
861315
156654
-87608
255441
-311645
566982
-62163
-970321
597425
-516740
-958687
-165046
749301
384249
852134
158049
-246417
-387918
791631
-453016
-468272
204409
-954761
-827118
860769
-411057
-175955
-519193
-142344
332437
7783
553308
-721619
764716
-73766
-504850
608727
4349
-179269
829383
-454953
743815
-426664
-929053
755119
447666
145362
-859417
-932281
-300757
-881643
-108672
-337360
-91074
504559
854684
-838321
-545944
-532624
423117
788050
386648
-188080
-639070
-78598
-835692
753797
-488490
675017
181176
190287
148842
962259
-922988
-37547
-514040
-157630
-614271
-816105
37413
952015
31258
249440
-675932
659825
780898
-555336
-278359
-674676
200911
-590897
-601415
252549
289550
-193308
430953
422356
-647328
-455959
-926737
731050
-547718
-139325
-702934
945240
514609
614404
680478
-547522
105418
-233024
-887797
-735359
226090
128778
139535
-955488
987335
847369
704919
962516
-320821
-861642
291788
-435992
379572
-54728
-572382
-133089
735090
-950152
-306594
-87380
-894589
492216
24323
-741493
82317
-716881
-341880
-802102
-779929
-519346
-338216
774787
-758631
-968331
-234453
231064
262203
-853182
-206469
129390
-550689
197111
-820217
855669
760203
384182
