979373
976168
192486
283532
-123413
471765
858687
37970
-106286
93619
-985118
313306
666391
-384060
-291010
592168
412880
125864
589280
89207
-143587
-361066
981270
446831
154618
241740
143028
-189431
-775238
479795
-502143
725944
23901
-760427
112910
180363
383531
-69046
327249
-432421
-913631
-901342
271171
460546
172150
531966
-919884
-2940
347094
613322
-527416
-639144
359022
-153776
875577
-71032
528593
-641965
732692
-61230
-746791
-495316
-372802
-434808
930045
-321541
-407777
-120534
-84424
893706
636273
-579777
301246
199485
894630
264595
191585
-930281
906034
985899
681459
968285
-939821
732693
-367208
747146
-26637
-442267
-147170
417576
-71369
187543
872372
-82878
258391
407545
145077
166659
-658449
-614717
935252
558172
816595
-659241
816115
625403
660964
168946
-296983
-621675
-733196
-632643
981723
195505
534706
-760411
-111564
-670935
607711
160236
-751041
-225996
-546345
334207
143793
419067
971031
-148943
-757607
-112053
-381164
-749880
-800352
-535212
-758927
485878
297220
-313009
-144433
734012
997262
-682088
-958922
596623
755304
-194172
-43117
-701071
-556283
-328994
-115905
394951
325003
819991
-489001
546698
58523
-322494
731243
712689
529151
-944149
-519651
495258
786308
-867132
555849
252516
501807
407033
-803806
239567
210615
-922205
-774972
-624296
-109965
-622244
-864271
-854327
-789420
-289381
-404475
417452
105796
737670
372694
228818
542752
602854
-878073
-27791
144811
722511
550709
900964
-385408
-684422
-245059
-486520
303851
270109
-703104
43360
-610079
-226165
647974
92301
-463718
-431190
798197
934294
-371369
975194
-219183
84332
-508011
921174
602673
-207652
361096
-771449
-71642
537217
-270177
-618361
33183
143819
396065
-926703
-521446
-270666
981197
-753874
230197
131287
23343
-385863
-267469
-817827
459816
-414520
175146
-248095
-638789
620227
853871
-894386
186668
240455
446093
942975
-516455
4468
-972964
469988
823226
451929
688645
386676
-34932
283008
286078
977525
-408391
-951834
-674684
-635853
430251
-141586
738848
462727
-78131
-198042
234526
878227
-771272
182488
135899
869435
-421436
860455
-814908
-970398
-572920
-915293
780180
-783429
643929
-347712
239355
-16365
-742220
-633718
138239
-545346
-554416
-401983
-999962
948569
400668
60517
-490176
-441546
402579
473148
-269227
-430888
597784
-830926
814086
-724381
-179847
-515607
114095
-622406
-343234
802619
-702908
-324060
466895
774413
-917325
-849561
592744
543654
-216728
-625138
141949
882680
-90362
-975419
847608
191175
173874
502150
-860282
84951
-862502
-528954
825732
464505
-497153
-736418
44272
444462
-115966
-180519
-3565
-727428
-345821
-610716
-285037
828994
210420
-995106
452100
980141
-990357
824009
-651688
165200
-93918
-664331
443296
-467225
-528419
-416539
-358347
278461
-203910
-625987
-17959
929650
-726337
808155
699962
-794614
297800
-165856
-150981
773916
402617
-679432
-442071
650511
21190
296724
454263
907138
292266
-935124
-222327
901506
969701
654401
393798
-677835
869738
858730
-199281
236313
50671
-43115
-874665
247516
674812
877381
542662
464879
194218
796510
-940119
-805813
814780
-166494
-330351
-918219
621893
842894
69872
838031
-801071
-124629
-936518
132332
437817
-372384
-991777
-888843
-720434
-903750
395714
-425785
4559
-590864
573813
624342
-589514
-446711
528561
-274810
-201759
719918
-934189
542056
241796
-29753
-930114
-906793
-309692
443796
-236428
-481535
674893
-632376
-168670
439919
-725354
-487220
-236594
-847890
-554106
-675202
-122248
-131559
-365738
-570395
-746044
159454
946867
382267
264275
848517
-895330
-643493
-576719
969981
294800
612724
-198479
-228119
944418
-352465
63444
-293739
-868878
562414
446057
-602987
-854137
923903
406863
457916
315604
-268764
-199091
-354840
-216820
-310203
-499551
931120
938721
-769618
85354
95191
-293529
-628956
130472
235611
89877
689237
-67715
586467
-530849
-371160
935835
-575545
489675
-911139
-551833
771217
28604
-144640
16161
-393853
253040
-796525
211294
-391547
623693
151168
415310
685939
681405
664846
-911480
97346
-601443
96018
-529523
840524
767494
-625745
-390532
147001
335698
409355
490459
-859896
961803
308164
558165
-374969
-943759
-823275
-588299
781688
-114843
955465
158984
294745
303535
-40828
-806103
738457
-564509
-698659
-912485
990915
336252
109594
-421632
578612
-227111
96720
359519
-936136
-929913
-315927
930262
-670496
279414
-877817
-132021
-915752
254462
839485
-721746
-982154
538721
-435518
140121
-146395
-59971
-547736
92836
520293
428836
643444
12645
471821
-216375
792787
-230462
-225041
494393
808008
917773
584298
-485160
-782802
-646893
304162
182745
154770
-762686
741977
-799504
-826041
-440576
-851324
-457710
-523732
884522
455585
852279
410409
138477
267849
-939112
-521581
-666636
-407001
219684
-467565
23064
220202
448111
-854088
112141
-86945
833054
821512
-739729
-506544
744581
945314
370801
554913
-5206
851571
-815399
-884802
869654
767919
-673318
-13557
-772281
-301633
-661938
769936
-247895
278960
396241
-670151
-723141
481040
-856134
165258
-903669
169401
546050
866760
-49990
-571587
962082
142279
-594420
-270861
-290038
-199293
-99613
-877791
-461090
-331694
-725512
-564588
-496784
-121574
69555
-645880
616259
-476800
-167636
-285809
-800686
575116
-101193
428593
-365300
-173409
116568
-412122
-476303
-719753
866657
276434
248309
629003
-472901
137502
-183913
-589765
-754110
510879
317790
-227344
224468
279074
-780700
-872645
-241160
-319055
-951926
-741061
-311236
-771887
259413
230843
489589
810411
-241986
598165
464027
554036
-920981
-417479
-804064
-129239
-697463
71173
-717322
400879
414114
504709
311659
973809
675330
776753
193836
978587
-483555
91608
-446300
-288965
-62976
926147
40950
300766
-111296
881288
968651
-492210
-827868
-709527
-305605
195301
628727
418181
971110
-19225
256599
835561
-22549
475603
-226025
369089
-874151
847759
792649
136884
490162
-730012
-936143
-944892
553439
-654467
-862333
-216854
-210160
409173
-323710
-381591
54233
175142
594802
-910743
82007
-529526
43482
168308
725752
-278187
339731
868894
-887210
435444
-587779
-497254
-759012
36327
-371926
-143824
-719746
781892
-918264
-116737
-233860
200785
-421745
797208
592497
388870
297325
920535
-926776
911559
-612525
-42853
-795349
-152661
-932401
-557788
-606620
-792140
-599434
-279257
-118568
-257142
-825889
-661929
217407
-673449
-402178
-495465
-263017
-398215
-576600
-663571
-618081
-119696
537504
-760767
-567754
523127
-322848
21750
194588
617371
858238
-407521
616233
567951
-740121
-131395
-368398
-334525
-141669
-329077
82147
486347
392501
-310464
768581
-771362
-707613
928365
313391
-6608
762455
-132023
108726
-790452
-976746
117662
-793647
930118
-913802
66896
291328
85391
236933
-870793
52071
-197074
112423
582960
483608
-16886
306975
91399
482644
-824886
720524
-47821
104575
-96980
-384633
-936102
301331
698983
-954229
717039
810971
198987
230598
-52858
258228
667547
161209
925974
-808136
85130
-116146
560005
-114644
396491
-112948
23911
793695
-559491
-813876
110587
-150365
219759
-144911
-565889
297398
-490194
61024
-579777
-545507
526192
483592
-467266
821968
240549
-10140
-727268
-447963
286226
-539015
-39715
400755
648909
117649
-801640
191701
566870
-736096
-55580
-487568
582704
-854199
-897733
821360
-985827
-148726
-693210
817699
-697849
-691632
-431629
473885
310994
-445301
511236
786255
-203104
785356
-920116
-931417
-10987
-745890
974191
-889290
487781
-603164
-821590
159918
816707
278666
-855732
-532638
537074
-653128
-982026
-243465
855156
260900
-303788
-774715
-361417
149543
-869825
837417
159147
590541
-137063
32952
790508
-628287
523997
-352901
-362687
-207070
-704861
179272
-351229
812721
669158
64801
953697
490668
811870
-324014
449474
709986
242407
-351798
-51667
834542
-989905
776898
-51763
399803
901154
956662
73333
850277
389424
954346
-95783
-102321
690347
-311326
996266
730725
-396862
960354
-260235
-644053
-144805
231550
983118
-847898
173967
-293595
139531
-604785
-856415
-373472
-331049
-682590
-323049
-470727
105381
-243246
333854
385313
602565
791489
-837887
-378341
-743823
-407489
422748
515704
173774
296722
-857342
141446
-77190
-659054
267902
-492250
-245312
761260
910149
868431
415594
-112021
328093
808396
-682900
222398
-736626
109061
874302
-722279
-683288
-18864
-785450
-804797
372166
132511
-792764
-527833
914702
165585
689419
-872063
863966
-266255
600975
-828519
362440
-663433
661922
-811180
94758
-235600
-236262
328493
335854
-319460
801821
-536056
406549
-445071
-211495
-311378
-875064
-537079
-594917
651211
-93925
196039
-457622
-690548
-865900
800722
-887036
547412
-783889
-379945
572870
274412
249676
784347
778594
151438
115243
-160211
-531014
184015
59891
-753955
778355
-572778
664268
836271
-9065
670369
-417537
522886
996999
-391181
-379247
-178799
-470823
-825587
530649
253982
423622
-992231
93106
-431323
-158425
742849
-319187
-885192
821739
919955
577478
-261464
-88436
-744598
-781744
-54794
-84908
689668
-89246
508630
621254
-631038
982910
972828
372088
178617
612802
364552
-948741
-886828
-677700
265014
-359324
210501
-11438
-163844
713553
-573598
581351
320014
373668
-243205
-7559
755153
-300895
294183
-886472
-568909
-730181
-27378
-313168
516349
567019
-265046
912928
-170977
569763
898652
-891539
315894
-660881
545645
651032
-888251
277681
-101674
-621463
61437
78748
-230405
531944
-773385
236970
296328
954985
229149
-13533
202223
-983792
-664313
-529175
-457268
700589
721419
804731
-946284
-791758
232847
645312
167853
-978779
-664091
186486
-849670
-937207
-442641
-763967
-203220
226821
-390799
14327
-285442
-698696
738248
810997
476409
-158136
362846
582472
-755978
417841
102722
539380
858805
415377
19899
851842
16493
669037
-856702
-739199
963398
-678583
731399
318354
300655
257501
944921
741622
864120
337206
-230605
-410370
272539
-58866
-862852
-876175
200915
-676940
450081
633691
-504884
477599
246427
-419340
-289681
-39081
-766964
-111780
-740778
-551649
-885665
-812921
547047
-913150
495058
-800690
74335
70192
-185741
-946674
-914038
937648
-671539
450597
594117
-844668
998147
-571011
678948
-409501
-420164
-894409
236024
356081
-389414
156242
261402
163918
-984518
438851
-992871
-53920
-718008
688362
946150
-719624
634771
511269
-390162
736770
948662
-200399
-674046
-646369
-555103
234450
-268112
-775522
-139470
519431
-592929
22778
-861746
451004
66661
-256658
-642555
77273
-420386
961450
201425
-619345
-784339
780970
-810650
-153799
795425
282562
-27985
-980323
-718429
-181247
643709
-644446
-274397
-869797
237549
-834506
874202
708579
890326
237033
450506
-486318
-492615
-655970
-554849
-332728
783633
397679
331885
-373010
-127416
280290
22022
584849
279957
64965
-610207
266705
-592377
421182
753562
474197
658920
749991
994688
-999399
-741956
-628321
-441216
-941888
-520960
405433
356321
-937413
935770
423995
-387061
564815
-679931
947080
73248
-756806
-593948
574122
577391
-150641
-780765
690372
-544136
-342019
418543
523724
886456
-393514
-133146
241390
310077
-801299
-598522
794118
345942
-634607
226256
359869
-420711
856780
-451550
-542233
-110758
-602502
-866365
-721595
-172172
517795
575611
-116719
-462097
204589
-114454
204187
-718818
262521
-877143
-401507
-990623
339592
166192
-802982
-910250
407136
-616248
165468
87412
173075
492370
-908317
279118
-723979
-752578
-759888
945607
864745
-851087
44046
78146
-972925
-801584
-227558
-316542
18001
-384155
675012
923488
95327
517417
111690
-658542
-845469
-402726
-532560
-60331
145413
-292423
-659968
-770078
-297640
695476
-67900
-776502
-245859
-128208
459190
-848740
-958276
96918
-195954
-838853
-993354
-954782
612573
787268
636917
-68025
734643
60869
-741373
514833
-738690
-889513
-695047
170729
-706793
-293490
-795751
492298
-953591
-993873
-536596
676336
313715
386153
-576955
-251112
-942189
-180684
485100
807576
252467
242684
474826
-977315
814046
233348
220522
891706
-195022
-99544
694229
-294353
556801
479016
782739
-462690
-116936
619209
-582803
-173542
-966767
976599
177067
-824248
883760
-152780
378561
-342858
901340
464042
-819774
650840
87895
-627354
205140
617392
662503
32325
-727931
916551
-297643
433934
-486541
-401597
939395
473767
429311
-74477
-731706
-338391
835626
508608
736591
531864
-138298
-842415
898804
216757
-779156
-427470
-439493
-668697
-150667
-463096
-792040
-983864
521405
221565
603126
923621
-701091
49486
-33240
-313704
-68161
335599
-478934
-60174
520089
679275
-207490
-626897
-225816
-858300
40766
-140114
26208
262799
-142269
-289050
-157239
-510185
-412149
352134
120951
909773
951105
666027
-643559
195531
-611579
-586806
189422
-624025
959555
-586419
-514237
-952065
-290709
21843
345645
256539
31446
-782819
-186887
-983046
681700
826770
93498
-822664
449035
387049
-230434
156874
-705068
-46290
-994276
-207967
-539154
-841119
-944076
-939154
-246196
-73467
-198697
-893285
-318808
-854647
377274
353685
-346897
125703
-510146
-402452
-74488
-391938
730238
-695689
603337
905867
646974
754962
978509
-356796
852629
-482456
788727
312381
55972
-909175
-798663
-981795
-691820
171471
-513840
-424388
852184
-821360
-765731
-2995
636078
856477
123957
244972
952933
790865
-465034
56527
535854
934187
-308776
-14818
-639703
-473635
-535710
-541824
630241
342664
-395142
3459
-421313
71192
674021
837806
87236
400343
-827735
806075
-378962
532715
860972
11722
749222
-56952
627486
598916
-17154
474060
-476038
85618
-994435
-534133
877412
-345877
651883
-654349
76860
-561332
95329
-39133
-810909
-559120
-71078
-786628
-190955
-910319
-973613
139514
824772
953068
-649465
732146
-53268
737432
546803
-260559
-236877
-162281
-437322
-156004
677139
-723565
-998415
-848983
-516108
175642
568131
-795487
487443
113411
-778820
-617710
-642726
890083
170856
-944433
-32294
-253719
-842447
-296994
-103451
208
840970
328804
409488
516170
-307954
-730841
-501634
53798
-180703
-880036
123919
435981
947175
-820975
972094
-242986
694125
583487
260087
-953862
-782056
293138
-394577
360597
-762096
245795
-573712
600681
-366568
-980829
-487931
-628238
-415604
-593474
-475640
663066
383778
587590
459769
-2150
432354
-18632
139333
-713827
-338552
-707749
150904
-65450
-497696
-374250
527164
570342
47358
148973
-330147
-361579
-52822
-661854
-844469
210099
-934576
843847
-824735
131288
65706
616627
519058
-179063
-867826
-359789
113192
-738784
-717551
-546498
484185
236331
195532
-509048
241938
261560
-460766
11251
317523
257937
-248433
-518750
-916281
914862
-469695
-721863
-751374
-886558
-457034
779644
996932
-846920
-503494
-278711
-516641
-222257
467325
-11896
-889329
313441
-864703
-857395
-717508
-988535
-413948
588666
-690322
419086
-670939
223059
826237
387409
-461000
483931
134970
-88520
-647976
-311171
-102018
859012
-140959
-143534
410620
-348623
-638958
-489335
196777
-862723
-643584
-300288
418896
939665
-578717
605652
-390532
455349
-260448
270427
897788
895431
-927889
358696
528361
-850934
-499627
-546929
-366483
-504292
-616539
637152
-24522
13066
360753
-835087
-24231
935510
590739
-864096
-918567
-78890
-308176
-981078
-87740
745476
-438246
-769527
-800856
623775
-817268
420825
-93634
-50365
-631439
-256958
-515025
708107
-390875
-453516
118416
-839771
635166
74232
-548154
485800
692140
-829402
501744
304063
955482
225784
190596
-636683
-978615
722671
314622
-833983
281061
930629
-688986
310823
-355205
439376
454551
-24962
-454966
-660976
-945946
-418077
-576438
596576
36233
597971
156947
-330336
330345
276738
-348473
77884
-264851
580498
-598434
-732294
517350
-235401
844891
864131
-763496
-891825
-944418
-670485
512938
216387
153845
-231177
-596109
493967
74453
201032
-288786
61916
894600
506286
655247
938209
51607
406015
783618
766886
64676
540296
-868072
257289
467713
270091
-698394
224614
534552
505469
997372
-706716
-835790
-429932
-30398
-78672
751044
-863690
926418
-173115
444209
366950
-688718
-859084
969828
-43535
-252119
-382733
-722965
315057
687790
-65480
-267389
-514134
-528122
-754242
620200
210215
-866026
393617
392633
-42469
193691
381072
72668
495620
-475975
-879801
-281036
330676
-221029
396977
740812
-599955
189685
-99890
-51516
125936
215414
-255525
442787
-360561
-212573
362322
345989
-192945
-139729
393070
508801
744165
-865789
-65820
463509
945252
813171
993376
-340409
-314363
-948521
18482
-250360
19563
-183895
655311
787974
-592427
-39874
-746442
171008
97870
285530
426091
972780
584127
-23123
218400
92620
-690003
663248
-20058
-164431
-928776
272417
534638
-439235
509470
175734
-5891
817577
-116366
664069
-816445
214954
113175
-408233
427434
-344325
583556
703684
-745295
-712693
743894
577272
558655
696528
-480154
351269
-451478
-393496
80034
220431
-579946
-493371
189041
-670990
717249
10760
-728807
-261607
-596497
92338
767039
-835328
622772
-960734
526617
-261405
-616774
710331
-520997
-650182
-544212
-689570
-797334
355093
167926
944966
933952
11526
106809
-233441
644185
-524842
915302
-986760
-890077
-700778
703694
463297
52121
856678
-441872
737627
476414
-646521
-763714
-149785
112942
-930222
-984935
-713552
-368705
732542
-883873
-827648
59501
-468984
155268
172881
-614383
-104958
-430286
-250327
-107970
368289
-951299
196064
554798
299148
-870973
-800135
341353
811079
136276
525279
-771809
987290
-472562
-89970
-440446
292749
-450824
662513
-638021
952470
-792323
-656343
134295
-881325
261468
-743838
659362
348727
-150008
38311
-398818
-272905
-113746
132191
147273
-452651
-669528
407662
-837232
-97926
45429
932769
308463
92281
52174
323190
-228698
480707
-817253
-506121
-138340
-163096
-818193
29038
561576
-126214
528924
-12233
481153
-181919
656978
-149867
-853798
214366
-993728
-244027
901134
800931
330112
371012
-671145
-215743
-777111
-936959
78159
536945
-607915
113943
-254161
538200
-734062
-455746
593666
-377434
392580
-765143
-585944
158650
685987
-308859
720745
-258821
413075
-813085
-261111
-603155
262968
-952729
400619
495139
-624847
-650942
541133
69991
85798
-310068
-622166
-782034
127786
-244562
-26098
-335222
648616
-530286
-811961
120456
642874
376414
-236248
420287
878526
151401
922312
651076
-406040
-489370
130077
109113
-879384
867778
-450028
-750679
183012
-419191
-472401
965275
-288112
324670
-476454
456599
-717814
-495365
-358597
598823
429958
678522
-983972
-129816
776075
551013
-441922
312970
-682206
-914205
639124
-977664
922069
-967835
-268950
-999748
524776
-39437
-531372
317760
-130749
839439
-955412
532705
-713297
79277
366764
156350
-983916
-624586
-521235
-400347
-452413
-236699
-775476
-595451
797501
-205924
279870
-258039
825639
105546
218994
912978
501261
894314
-402481
-309801
-968488
-482317
233950
-693678
734409
460173
25688
-831766
-473177
-816951
800298
-904019
110726
-219162
231962
-426681
30315
-798973
-693890
974293
401009
298207
-180950
274096
166913
-194208
959981
284350
-18791
-43652
508403
178847
528246
-29777
540481
152820
221288
886892
-923365
-313819
432185
518033
-283310
184170
-461430
274683
240958
458150
-933826
-38750
-853291
-237187
-233359
492370
-647529
-710277
450387
-637449
228109
-275065
295980
850410
-633350
-468813
-162238
942480
-297963
846020
703235
-471191
822072
-946830
484291
-132403
498431
-23528
-626624
363978
-697621
-872836
645379
209198
653740
-353429
844745
-763986
543645
735853
-412273
746131
998639
-172429
788093
387501
653945
-150322
443055
-108587
-762240
-544795
540080
389510
-217449
610503
-142534
967785
544783
-359568
-829788
-124430
822117
989477
-433651
896552
28505
826464
-711348
582220
-89714
-235337
258837
-459336
643619
662550
520316
893321
-770915
-971770
502291
-47529
-514229
766114
-843732
-628657
535520
-186719
389571
-893384
-494875
-236015
469500
930733
292002
-172420
-312449
-457479
546861
353451
-25030
157677
884303
871916
-317332
557815
105974
-450258
-900903
227725
481206
-750878
147233
920670
752605
484742
634533
-288199
779383
-205032
-326977
754227
53031
483414
971895
652636
440042
-120364
460886
-172996
405861
-573868
855432
-309981
275406
234082
398366
274737
446442
-713809
-275265
-409891
-718647
817181
580908
-697177
426851
296508
-34543
637490
525155
959059
-189428
309343
605887
235383
-47732
158052
562924
-313927
339807
-52113
-982503
-566627
-829554
-877867
97935
-537281
-627587
-135968
-942782
307730
262940
796085
437097
728620
265431
2677
-806180
139172
-102762
-338251
-247927
-869153
-906515
748180
-886759
612266
-45151
804697
588806
-393745
846653
144747
-37515
733390
489827
188117
-499308
369310
962368
-137090
-683831
497661
-90806
-99383
338350
-300552
880469
-446679
-326802
39001
-456447
-221084
123281
-23303
348632
25555
5777
643236
125834
-943263
787863
-575492
419789
-97087
-181128
581708
-998567
809669
-216952
428780
-546429
782518
624941
295018
574843
-652049
257223
-680857
74289
215246
-690934
716815
681306
151390
-984289
-46712
-314065
-32610
188691
-456914
991490
-616684
-431770
-5393
295537
917972
-990110
-512764
-461895
776671
593845
-232432
-413417
-410296
396107
-434282
-644244
-798809
30569
163340
94300
-345030
-885501
-573567
-228011
-941904
879093
-844735
-788974
858803
-473381
437680
-342601
-224287
748962
-840101
791667
691321
-50793
-610860
662028
597042
380268
-589657
376344
-713687
-340325
-620764
-874184
-564722
762222
424264
-482020
653720
539410
962143
-751013
423058
-315854
582866
340654
801356
-303959
-555557
-286008
-459256
342144
187507
93524
-539480
-897534
-274702
364234
420835
839106
-751687
-227059
-543955
177124
467437
456291
-24663
-717271
298987
-874055
-303127
765399
388584
752751
799001
681278
162792
52370
536047
87367
570496
-714399
-338123
-73786
685088
-12616
-545815
-320387
370542
593200
435395
212769
-89384
-801987
708529
812569
902796
876312
261286
343274
834362
-268790
895958
353627
-575406
742501
229433
-400897
907394
-696816
-604754
476111
973356
676159
-308284
-4846
-987601
430355
-94393
-888356
751189
-446650
-530248
970562
-447609
205619
-495302
410922
-392099
996251
-78517
-424810
828209
-993133
-270966
-671428
-575920
-645706
392947
-643723
836096
-724129
731227
180198
399181
361501
219405
-137317
-807861
-13373
-477683
-58976
-187212
735154
-116052
859444
572113
259424
-595227
998530
230739
-10915
-630456
-422817
-73421
-667956
561997
747400
514058
985726
-334133
205931
-463241
-470382
-236305
-294179
-355033
756353
525216
-994050
-951666
-25210
235177
267795
13725
-704512
960992
734544
-330935
-649491
-342532
-924238
951290
-208556
-243559
-499019
-966582
-568742
126851
169374
146550
427440
-922174
602731
-275732
693043
-187408
95983
383257
-961987
766585
-85649
-883600
564006
487213
614517
-717659
301104
227232
-419825
707680
-101938
-815370
862045
998719
-649391
-104241
930984
211358
-13482
-981301
-268834
-753305
-259531
-140331
-646331
939632
-458265
863764
-195060
712968
-605349
-265075
-548048
-980034
-978595
-907677
21979
48505
725964
129620
982133
895706
-499279
865940
-211270
-961021
-853627
-410004
569788
254466
-538450
263066
-84325
770734
-400940
360888
-119412
-787782
-462325
-298017
255215
-263141
-168922
715795
-828115
843981
369986
984026
-591957
566831
981003
-114665
-332645
451624
401087
-822565
-386772
138325
684092
112111
-656259
-852727
62100
522435
-341091
784884
890312
854085
-949554
-378889
773289
412336
514575
748597
490326
239004
392149
742236
59494
-671730
-267793
-133122
819210
-421982
307962
-557570
-912904
430
-581896
625970
110024
-212969
357016
-567156
-153861
620307
289196
-404551
962057
577523
-50938
193449
445406
-174552
-580609
-962478
-144668
726283
527622
-340401
-448788
152239
994806
-91185
-800639
845110
-868588
-556304
-528106
373914
-499056
-965180
-42453
-346712
-513961
-332818
397964
-275534
-651874
814081
309389
614478
324867
184284
-728501
452345
323145
22886
162820
-305417
-968485
-443455
924873
860359
-14158
417130
-876008
141888
671486
283431
899309
837970
890491
-422832
-756785
-374955
-400309
-883409
-404157
9636
-134993
568781
49542
928228
606481
-815011
32587
510934
553560
-779367
127649
-160155
815981
-474085
-9861
-812040
-991460
-943906
-878980
329441
-697305
-626566
845534
596657
-728875
-398818
522143
-729918
-862477
-382568
864533
208128
-851171
165599
-298396
-660555
-49489
762589
-972983
-618082
971268
216808
-577918
-103167
596695
-913068
-249085
952443
389586
238046
920798
-39514
21187
-846887
164602
663232
-144281
787038
50906
717019
-694311
-408184
381431
52650
-640215
-539172
142182
-962079
681215
976060
379316
-498991
295114
365716
175026
-141082
904485
393426
-669060
-593294
-40937
-595650
781125
913128
557528
-343765
755875
923210
-279386
-415556
-529256
48545
-435540
534360
268276
-833656
-789839
-23329
467851
754726
933184
953505
-218500
-399033
447434
-437397
-780238
885793
948612
795032
363926
31032
246545
-210521
540274
-202036
-951894
-7077
981746
-949315
223945
-698433
-633468
-522569
-190331
-624088
-5979
492334
-521685
-585381
343831
538143
-974645
461876
-138102
-940024
-328135
591295
-464568
481027
264582
750920
-253986
-89099
-49240
-205924
886966
-665536
887407
623031
980492
-548032
-748932
178897
-770596
-940729
-441258
17913
289604
-711554
462659
-43675
-581930
411051
112507
-764360
648480
-839363
-350064
885778
338963
-717115
27078
980524
-562677
328624
-681990
-433795
-899718
-152876
-659877
-673445
62935
-309996
82791
675257
-928323
-304819
192351
97711
255605
76998
369170
-953211
-226576
-36331
-537739
-775505
629161
83586
-925031
908655
98333
-424678
-179730
165142
142229
8327
-784656
893116
279626
-929868
378114
460474
-982610
-992235
577837
-485098
-125781
-470175
927192
-856040
441612
-834161
810494
-914645
310476
558516
-164125
407056
475298
177600
125097
103297
-331997
890816
-612728
-99893
882932
384453
614420
-968863
200221
128813
546496
-435679
-703621
747087
-836590
467721
363853
-871770
8706
882129
73531
-378820
-849816
-609769
-434594
173770
-285923
967056
409663
241407
752915
-989460
-609552
-679728
485357
236292
-453477
-556924
-347057
388068
-419249
-87453
-631324
631058
-955804
-591282
759677
931149
798449
387308
-103293
-756206
-458792
381998
998784
-576894
-963262
590246
185007
818901
-668
-678152
-570459
551152
941181
331020
-308985
-109895
669047
-530457
-683842
-243120
-861046
227962
557637
-672749
118323
-460376
-439424
-275057
248396
-316243
881764
883057
-383505
-938833
-536523
-16995
787274
-701232
205588
-231769
664208
-559048
-16234
-174004
5968
530112
76937
-779747
-22231
835054
-630889
174400
-16724
301472
343907
351113
827898
321341
-934046
887025
-567084
945789
-859079
438605
-232108
163093
176475
-955705
609748
157467
926175
-474290
640796
129496
-528994
-853684
950276
309845
932360
500820
-510586
-45227
-441440
524110
-560977
262218
509206
-377661
-354171
-483697
-448513
81963
-475613
559204
-687022
-232912
816236
234442
573034
487686
774873
825262
-470852
-387529
-229074
134061
-367466
-665224
446687
-324532
515538
224678
-608725
-95404
221794
-725391
-696217
246644
-289814
542917
384788
-507016
184867
-418878
480914
327071
599536
-554034
397680
894673
284980
-919717
158008
-628191
239878
193501
-547490
-239063
-891188
258788
-687216
-126388
939601
-322557
-690601
175808
-877843
235521
2474
568066
-819378
-618298
-718062
561724
-427700
-740819
336299
-790967
-777432
-103504
-580776
17216
399557
-174154
-848593
-263963
-858559
483381
861393
-427954
17596
-412226
120483
-670172
-616749
-230496
-845970
659087
-551825
-388261
-457552
966472
497390
-907908
-778261
-344533
223202
322869
-523647
840289
425537
749236
-311607
932032
-940778
748794
864838
353827
-549939
685028
348816
-571320
-816659
-371084
-279510
-528166
974090
960056
-625341
-113426
-364813
-857889
-970601
176066
-48593
420102
-551237
852615
-25995
-405312
-794073
-747025
-810526
355609
-787581
934877
-833853
-161162
-119238
-567047
-99356
349239
-14173
462429
635812
-765841
573293
-42019
-220774
-622880
133918
967515
-982390
734696
-256934
-765043
714535
-405656
-891533
914298
876426
-599749
-781468
387954
-374407
-817934
-864344
172336
-989001
494016
425362
-792604
274305
19053
-990486
-817147
-528910
-930260
-773520
315639
964152
-760322
269720
-887215
-266727
-528938
-252524
145380
552984
-559589
82604
-271234
188399
-690949
33094
-58744
360607
-309439
284199
-703444
-334516
-405231
-495974
-428133
-688951
-41785
643298
87970
435355
317630
306093
784259
-732552
646848
216168
-69862
800355
-129835
-601025
-595494
-933923
-339328
236933
283973
-916537
-285536
-145860
234630
-447610
-798900
-303261
359654
655425
593519
-64607
-321135
-839088
-811466
491064
-638405
701478
-792470
-557969
-182900
242272
-41326
-953325
411044
9138
-388351
792733
-592123
447516
87275
296567
-235686
648966
608218
-988869
77416
-846276
265580
977892
-772715
-271245
-656709
-545957
35503
-787476
902126
-533984
-59434
792102
177702
-799855
-775963
-261921
441167
-701314
1844
391536
-658473
-558874
-582798
-135714
742751
-565778
-791196
-678622
-499910
837837
-559508
-526023
51064
-886006
677154
659628
679490
-32657
-496624
-99844
-645933
766207
-170546
968449
-331542
412254
839786
-978529
163134
326584
-965282
965103
-351083
-213973
734391
22683
424605
277906
-582076
-238022
-631500
835377
-880355
-621539
793259
602795
437819
-993709
-405307
603429
180195
94973
-582765
438103
94397
-730743
965625
692963
145826
692173
559579
37470
695567
349197
-612583
5407
-735138
358087
673979
542318
581368
858512
-215543
-543444
-259653
-179019
-590078
-85323
-488942
311560
882256
88833
-671910
-632997
-50409
-944699
337670
583908
-715245
69700
961278
-784832
-574738
298137
45174
-626456
12430
544532
635160
-264342
547556
-941363
650845
212552
-993547
-837539
-544489
-465379
608297
-496322
472920
970529
664636
694176
962970
-234956
248464
-619150
99212
375340
979418
888660
797915
671454
879569
-478111
669018
-941365
-4452
367089
-692262
-604508
-119079
229708
-994274
257268
-712626
-122054
-778091
892403
842579
-809189
-444067
550182
696594
279637
-490108
187741
49706
-447631
-695460
404091
591320
-706118
-899983
501013
437800
235026
595625
721869
290893
599134
-548070
54251
-159102
855611
120282
-300806
512666
-440854
-52272
137687
414489
-318969
578567
155653
907836
910402
981957
49896
350743
778226
-651365
573118
850265
570516
-371261
898874
-49521
-685290
-76437
-828241
-54885
-16222
551491
437661
118681
167826
489377
640028
-518628
993788
-25172
713953
-663248
550567
-507763
689651
564074
618083
-300155
185527
-155105
736805
-153189
828382
-169410
711512
34849
474435
-23817
41276
478489
826805
955935
161676
-132392
58417
-659911
803007
-435346
-337012
554851
720857
-103534
-79734
363560
-444646
-117403
410496
-662472
184472
-543505
-774349
-604729
241167
700237
975993
-962807
-146869
729477
-581509
-290487
426179
858212
-919853
-835847
841938
-309103
-119850
-183466
748638
-198324
-19411
685578
-412272
-706856
362982
-38396
-435365
-559500
927867
80711
-824169
-886178
-784117
718246
245172
35301
-759970
578629
556785
-215870
-982486
-773051
197479
-725335
-18751
-160623
80063
-381431
-825067
-506586
-876916
-415683
-784315
-927121
620326
871646
846200
-474403
-992718
487614
-181980
-687603
921461
-640033
-212791
-232222
-271375
-977967
-854179
926511
35199
-354779
-919900
-369729
-261309
402210
-185671
705880
-892028
-843190
857222
-408753
-602283
-801998
405076
588771
-5613
129546
-393267
710207
-700030
604414
-58128
77512
-441994
-107398
505466
-54319
-95063
496428
-839900
345273
950209
44324
717760
-179793
973659
892501
-639189
596856
87237
-209149
-372028
910712
606393
-675374
193017
108169
398687
-333605
-274148
871538
236768
-825703
949284
737611
-553382
-909006
-830884
412279
967315
-129657
-226380
602899
-108511
-957170
-639108
-877393
-303313
963971
517955
-1059
-289690
-210805
-219670
625054
-896910
-636526
216611
314269
626146
777132
-73299
-739505
-179173
-419490
-902683
-92379
675512
175027
455431
894101
148346
498332
-681784
-757198
892024
295523
-884179
421012
-255129
207877
-489273
-804594
118240
114632
819972
-402617
-735107
-958244
-904289
225521
-62310
-857152
414786
644350
599367
-395851
-185195
-947344
-670960
-943693
-410929
499661
833630
500395
-444762
-670616
-509322
-36370
-932719
-399794
78460
317862
-104833
16433
-138258
-990083
464492
691790
285527
-971028
254125
-89025
-590268
-82209
-784103
377145
705017
166163
177533
-646903
476460
389010
661391
-961200
-808767
381651
-389138
-127815
464122
-235420
797385
979595
-757836
330867
502144
-297989
541959
-274435
876792
-199786
-271083
-643690
-534616
98435
728418
975663
535813
839817
786052
144774
-225631
868580
90076
293531
161286
-747109
928913
-606066
-876560
544820
483992
-945327
985238
716592
251505
-222191
-407950
187587
61714
-900985
901899
-852944
191
-428770
-823976
934362
618169
-450737
-712097
-368789
-484762
589398
-682196
45592
283007
231213
252658
256520
-921288
310604
-191998
984290
-254474
479833
569541
-163745
719878
139621
-333558
448621
-527768
765082
-247957
-704883
267182
675320
-744208
-831101
-504877
-925297
680095
530769
829043
-926511
-181061
659841
493201
-930387
-146588
-597306
-236035
-682491
878869
-738533
-402220
108034
-546666
-230519
-610580
-615544
212180
-125466
802541
775247
-61120
223364
-133467
862294
632533
183382
233421
519018
-39959
642284
-699493
-945572
714958
220840
320125
-551802
-996006
-929672
-846109
-792437
630484
591261
-583058
802333
-282978
953
286408
-431580
424372
871737
739328
-881683
792381
263432
440688
-881408
188679
199197
490430
465182
-447545
141183
639997
-569951
832886
774890
-956872
43396
-586637
228543
-754019
-542928
-241334
305421
-173131
-969750
871274
-343721
935172
-79370
-829496
892737
-998494
-22313
-784124
-234812
529573
-792167
434114
265390
-930061
-86612
344933
914660
722437
-704664
-474823
262714
-473693
193150
-888767
906998
704322
668610
207511
641599
-251658
922690
604516
305359
965452
-331787
985783
704790
-747989
373792
572709
-421330
-531361
-659184
650811
458532
-314712
-35044
936143
-152051
-741841
255027
323696
424709
756718
-732549
-920459
-744235
-141994
-891319
-60660
569721
235202
787525
-831286
953035
891459
-401607
598534
526515
-660254
537571
-840476
-603111
-959465
-482876
879972
396610
345993
-972950
-842483
37615
-810895
994397
97112
663367
-484809
-582663
-618716
-532060
-88826
827783
251153
-519928
61405
-100495
534139
679796
-431770
890210
-469940
233040
624670
602209
881005
-950080
962318
841741
224161
-374533
-532853
94318
-122934
-319915
-414104
-383891
399973
68578
-625342
597142
305687
-248566
794038
140859
-934929
-502759
271148
411103
-466283
-867132
28345
-119220
-148614
174920
-655679
-192855
591819
-292007
782643
-567170
-117024
101084
-841714
-517870
-424667
-435670
768070
191360
-593712
744382
-274577
635606
41980
-205004
200552
445734
381576
423615
481571
222155
-942980
108108
-836345
-239385
611972
999127
968787
-405789
-758963
913881
351960
-673358
-355249
915755
579780
-734042
-305172
-913335
42595
828304
-841804
-587286
834685
-940614
632460
-490342
528366
519676
-937798
-598350
113254
675878
-849588
-191862
127447
-617025
743094
490952
-704518
180621
-331392
-411739
350171
755105
703409
783185
456664
275580
66621
-485691
-511531
327957
59209
-701451
218038
387701
230648
813516
-430435
238208
-859714
-329313
152620
177216
-938621
-165937
-556291
-542886
-490667
-323835
-308615
-975921
-702882
-56166
349632
-649152
-953041
469050
554369
-198989
853239
297309
26065
-588016
624437
-523419
-581219
-853879
-96256
-667240
-539693
117335
48817
-430911
-928783
530898
341199
78159
371771
972078
960842
177407
-331058
278249
-168236
975030
675757
761624
-553874
85763
-400813
765334
569137
-894450
759774
870772
-147487
-37513
-701807
-160839
865091
422468
664503
623191
605136
709310
-365845
686565
-734103
-830333
-884730
-357960
-745021
-662360
-769286
541994
-470163
-512524
558594
269650
-365440
494417
747693
-465943
973054
-281746
340038
-839295
774997
424210
-920730
791065
947859
431975
491739
-44083
920007
-237192
-219482
882060
879574
-766376
-206144
518399
225018
347180
134671
-53166
-389506
441586
-685607
-123115
115076
-109486
-548315
664241
-876603
-79636
662861
-515746
-277720
984638
-117587
-666061
396023
-692180
-334177
3985
-725029
-619431
349066
-48909
-901455
336293
-877422
611568
-111825
13736
958805
94950
128047
-104795
938242
988669
430730
8214
364768
-176220
-252616
-840418
571213
-317286
577128
-864273
-63107
177097
108279
-814110
261751
-404172
-692444
622663
591394
-91264
-880193
207435
-28156
-148805
30370
-71865
788487
-804522
-976140
216228
-232020
188995
-670972
-591496
449891
579390
-799095
795648
245134
135773
-962558
549964
306641
546775
998862
711848
-465314
-262611
-587879
45882
47539
-166595
299802
-176194
908937
-112185
676383
616100
982333
-789286
-201194
-674716
52117
-336911
444450
706245
115649
32059
50064
-543653
-851179
416274
153553
504753
304284
441728
216467
82449
-827592
399468
565208
140934
770792
-16939
712228
-460897
-968059
756833
-867596
776950
-796448
-872498
227983
426137
-228486
-420616
206994
876540
136128
-709962
-944276
652631
-257005
-261602
396503
966435
321378
138660
961673
791935
12293
711868
889819
-900426
320765
377779
712469
378944
685656
855529
363071
-703395
-346949
486227
-33300
-926522
-463329
-76211
-809228
460887
-121633
916031
48603
-136851
254816
570287
-357930
135994
-655108
-249302
-908864
-697669
408704
747071
664822
-463243
909968
7740
436373
-458633
582347
-279332
106543
-19996
-445827
239815
-362445
370117
-618157
618702
65044
388485
16432
-449783
637647
729603
811567
25206
113469
711996
-748703
411863
-815721
586345
-238474
808623
-143408
-188584
-905129
-647769
-689679
-508459
-716824
105058
-811590
819788
-325556
9010
-253948
463163
972584
103731
-829126
709862
-614562
865874
-341512
-961213
-609190
-347028
-298471
895305
634076
-529691
874127
40114
-867637
-668874
-751509
231513
407197
183835
823412
-76063
585470
21662
544153
-609640
764104
-166785
58808
280216
-340301
-466813
270782
-991947
597679
986184
-155061
877146
-810063
663377
582260
83058
-382227
245216
-138775
462283
455518
-310814
-495981
669729
511238
358351
-552360
-957078
307711
243523
-777212
458320
818484
-717537
817782
-930504
684026
902853
-392427
-447153
-885629
-359201
-724997
-631561
-865674
704526
218461
905178
624880
-968287
834798
911026
-753520
422719
419895
43721
-310754
-48259
-702779
-72225
400345
12174
-284942
-227666
427577
216363
67988
-154474
-379744
252195
387108
49511
924324
-178270
77356
353328
-394780
-912274
-983901
851743
967155
20836
-741308
402463
473219
138666
-512466
-944720
-330512
340311
-931311
290507
-312897
-17846
-907528
944053
830319
592276
772124
189748
548691
319337
-516572
630036
705364
-892130
296801
-92044
-337694
-559745
435706
109765
-493369
-434547
751653
-375606
-9356
-537950
423238
208806
757557
810498
878639
-988237
82527
-920194
-90283
868645
-271275
312860
250781
275196
861449
-582969
928415
689870
-747166
975705
265401
787196
295741
-385035
-386826
-31256
-681119
572695
780820
-252809
287014
-358422
324145
398267
543331
824947
128693
-889109
-763957
295806
643988
913148
-887447
983100
519199
-556690
278944
-479587
104769
-418627
-959048
63111
220862
-367568
-468357
-371020
-358083
-2389
-23027
-160079
224321
-439717
-511598
-255717
-566663
-737532
279446
87768
-305214
-452662
62234
670667
-729862
-831057
-701197
409589
-702614
-581928
-985286
-901206
-967388
-770313
109151
765981
-510349
-241457
568604
-371388
-723365
634183
-755359
-881632
850397
19540
-75915
-230202
457807
865510
765541
-781352
-60193
-449460
-347547
801877
-644814
-390988
-737668
-430857
67543
903670
933366
333434
849585
-869199
-399221
195228
995583
893376
887383
883263
-814163
572516
883304
-830320
-134078
-986081
247831
-354744
-130529
-98832
798884
752011
-292929
-789859
-313002
500534
978315
260105
-992034
904373
-730718
78274
-985246
-33151
-165233
-864691
431394
772958
-982638
-132869
-476677
619336
-791089
-368893
-827154
517440
-328889
459781
-7896
177656
-258650
-175397
525688
-937665
284973
-798463
-670576
13156
494663
489495
999243
427624
939039
840639
223726
137291
-486798
503842
78298
707777
-399290
-381220
-52352
-146007
975545
-922149
-945025
821449
807717
-306974
993739
628692
-638699
-23613
-606157
978715
540528
291417
-564109
411938
-21995
-474453
-785196
-653832
-879690
445447
121582
-431688
677001
-384476
912111
858354
-37841
-138386
658459
295489
885628
886611
577855
-988195
2640
479922
600195
351111
291912
517344
232034
-862911
935495
196319
-402008
688983
960627
605536
823779
-176223
199861
-119699
-949109
-489405
-578324
-388692
-143072
51885
-586474
-787257
-694960
-892727
-530214
847621
335663
-400248
127051
-247964
-364422
-318865
87157
-857724
-896670
318599
-586131
258984
149061
-870593
-862723
-218637
-771853
-440634
-757899
-690938
-495898
993343
-690821
-85486
344497
40902
-441466
-286544
-171544
-742795
-981464
-706873
-873302
-167622
330049
533322
708628
53494
905539
945420
274255
998559
331448
-776092
923193
113150
-272820
-405009
-581109
-556106
955328
-768603
-192601
365250
670100
-834269
-434417
-314534
798268
309025
394160
826317
193409
-189091
866334
-6544
-559032
290918
-833036
960997
-435997
-219519
782680
31989
653678
620678
60134
430061
605439
785954
-312937
-10240
-73151
-788178
-630327
532650
-988145
-399219
298774
-56177
243123
-942009
762470
631918
853683
955258
807577
-39504
-832226
-371983
289607
79424
285020
566982
476092
18746
606081
-145660
-414239
845680
-805177
863716
-813152
20278
-157068
-111751
475470
-721699
824101
-46941
26208
256266
-954378
-568550
156080
366210
878102
853072
416265
505072
857969
827131
190997
713019
228937
341192
-456382
-509955
735301
958939
-327869
922250
289664
-956863
-904354
399800
-467869
-760350
455553
559466
712150
-818469
-620894
-606026
-524776
624053
-858945
-243130
-621999
-644283
796583
550813
692117
-8680
-369746
919128
19999
-520230
183857
141510
-412905
865382
518890
-265560
568939
-165122
5847
684090
-508992
597237
-444463
347391
-377792
481830
-531184
492979
762290
286078
821957
447160
-349553
133972
48793
959897
469992
-751974
585154
-699866
50890
-651268
950539
-445784
-145376
-5710
-120430
-580156
719875
-526730
781256
692169
-214168
-540748
-777396
-942341
-124960
822045
-456384
272490
243890
282873
839798
-954406
685418
-498626
-698102
-770046
892932
-440752
-271955
305021
884027
132816
-398787
245817
-805099
531710
-19995
828318
-478275
353643
-457683
-197327
-158908
-750767
10151
611944
94759
614025
-885528
217953
-4921
751193
-864536
662990
-970174
-320878
-924467
-489805
886895
-442856
839001
-626276
675779
-436994
788700
663647
572279
439351
364805
-352266
-195706
-938649
895489
-330876
328525
-807491
-806868
-491281
15127
-373562
-66979
538678
-413259
-466550
688263
563327
-240397
-325264
173392
-454484
758977
554167
438480
681842
873391
586435
256800
314176
-855446
476352
-493147
-879635
708871
-846079
550316
-536926
44900
804942
104695
302539
179132
812298
665855
-556203
714885
-806579
249605
-681990
72068
446332
698130
-926215
-558452
-441067
748206
-778019
-589588
-165999
132401
152245
743114
990926
220920
-747556
424230
743150
535743
-287488
-252914
-838859
946521
798743
339536
-136970
940874
261396
-471991
-249356
-175524
-965918
752192
-325487
615171
20591
-110297
914741
-958492
-600755
-720482
-920641
97365
-981323
-309591
-799127
318388
734822
706648
750700
143871
700570
-450956
-595312
-515183
393481
-149260
-496558
76210
452125
947089
83666
-736626
-313214
-468748
480055
-928328
176642
973052
581765
358158
418661
-225498
457923
845768
300823
-904501
-300993
-945547
845946
189278
-302967
389884
114209
145659
67739
-107769
-293169
-512975
156220
-292068
353463
449704
-287386
126473
-441936
-671562
665549
-676388
-407828
-172138
891689
-660208
-816365
62224
248218
-981336
488790
177719
872910
-259821
913371
508297
355417
-483415
585792
-954808
-511965
760222
-567395
760810
631811
160438
759879
-751344
153885
-920386
-489002
900870
432803
-945642
-91240
-246965
-167351
-888385
-788876
862522
313233
-591926
732278
336940
-709257
729292
-745764
44373
304562
223715
-304142
211126
321837
-637486
-636780
326823
205251
-903810
-867944
155808
539326
278669
162924
166103
-805051
-268566
652386
860227
-743639
-929009
851390
-719891
-273254
762202
-869918
742472
685625
-682252
-560693
54805
-938708
-291319
-503723
954819
-971331
-364471
718525
-883739
-658280
-890319
-466855
578164
-96324
514160
902161
512071
-68797
685810
999313
527273
-495830
-550870
-873183
736725
194745
602342
367977
190964
-866835
-745209
961921
-339325
-855110
-242346
-199684
374333
-934847
-100895
275441
-139730
-574055
798124
-739170
50902
859105
-841783
-320509
466474
523896
-533595
466042
570840
730991
366021
941835
757349
257090
467285
536907
200970
-420208
756054
-959138
197650
500202
-277814
813889
321844
-745573
750809
-607925
-815538
-981673
320431
899726
752279
-172331
414688
160811
482095
-411457
167734
390114
-793622
891550
992101
-91836
-251650
-413426
141928
-205629
-17280
-734149
-377348
-638460
-932049
-742270
-405887
-214666
-475537
559477
-982587
-535363
-992989
-629789
767419
804576
61294
-482315
930815
628867
566412
-541738
-119048
880326
-321121
-140012
520621
238716
843096
-567878
284192
396384
117677
-166685
-729155
-246632
-745131
-357213
-727792
-346357
-601838
-234774
-90915
-972940
-956371
690529
593282
-89048
323124
536417
412881
635501
230204
-818570
-510765
274877
687986
934639
-700893
748920
-36834
793594
-916080
-96616
-991316
-876110
-286090
-211899
-859525
384700
975452
-694305
-473402
905305
312542
378351
627898
-154660
-291261
435805
630516
-177061
-95030
-510045
-951857
-195793
-255434
845487
-990297
215091
342214
973144
256103
217988
132586
-305957
-70643
990860
-71133
-10707
781580
986348
887743
333526
180461
-131715
-958663
865869
-991214
-320437
834321
-347952
-471836
-6925
141694
875552
-143719
258149
927562
681881
-748411
-750985
-392623
249003
461037
432398
486129
-839767
581073
545483
-662596
-962265
338692
-337646
-989014
-904825
894826
-409122
-388587
416442
-209833
-415430
-12235
-772386
-144575
685699
379699
77952
50805
9969
203055
-666159
-825667
849776
264663
302773
340706
-389777
-988169
502678
-523415
-726529
591833
286259
285564
-23450
-36355
-999700
-967633
753821
297065
728929
882234
-125771
-928731
-901240
371869
-447072
-508560
-276750
-898493
593405
70271
-624682
-203677
-662290
-310583
511181
894722
-81628
-816422
-124964
361743
433556
609823
413012
670535
-702149
-275308
-750761
-491298
329367
-798622
965080
-14286
-465931
-568860
735032
-323473
517289
-266764
-324720
179967
-73401
442782
116428
518378
-706785
-673117
-305461
-203002
-66343
-897717
-991767
-744168
279651
506717
-138266
-752231
499305
-18891
600696
-805460
-837075
-347281
-519876
-199529
141662
270884
-913675
918123
-516225
625941
333316
-40071
-810509
-958286
-428895
727772
269534
-242830
827200
918869
36732
153975
246695
856297
-449319
-725628
506622
-746276
486182
-307051
580437
471375
644194
-709570
406065
363583
-741059
-100250
-405507
82146
747421
-933449
457149
-808015
-684420
-724481
391341
-133501
-630858
-301571
690015
57106
-163346
127637
509291
-14615
445122
420808
956486
-886274
900067
280109
229705
-265268
-38847
-59727
-611369
905846
-471192
-947029
965664
-734774
-719772
-574253
-388844
-638850
30117
-573469
534705
-592372
-894990
-597139
186465
510927
-849352
-52500
107090
421808
-659187
229968
26382
-779489
337133
931128
-673689
-856004
-769096
834962
-108206
-181743
413151
-537175
116859
12323
-565430
-354365
645932
-824480
393122
813676
803798
-116775
543776
676900
-712559
-691900
481980
415787
761157
-627346
-991814
-729629
426998
-997687
653114
-416482
-350065
509887
-745238
262204
-95552
140007
-770748
174090
-794915
-755322
-346872
20039
60693
970459
-279798
-474672
-989968
414222
737410
996829
831650
-911810
-850011
-898675
-578334
854458
289568
-151912
-613009
468527
-557157
1803
148529
-614994
-544095
167057
83218
-928118
228887
-263390
-88149
-251978
344329
840748
241105
38518
913247
952751
-776217
-266625
617058
-83311
697011
-398293
-985298
-306841
-309014
66310
-767639
-380172
941206
-127351
-929255
942259
699455
-169858
187183
-975901
587192
894989
-168871
534589
154015
-98930
406603
-390448
-879198
128171
389330
684323
545601
-456022
-905642
-364661
-794076
-266285
-424879
612688
-854697
-856086
-215466
-215531
-537688
-200704
196402
426784
-223959
562385
-362238
-652582
593226
499661
205396
814770
-717866
-319369
492123
-776382
-233366
992061
-501456
-553618
305629
707223
626985
-966649
-336451
763161
-91694
469660
-976337
-232184
-831868
-755868
-406149
248738
124473
155632
-612665
860723
322783
855764
788515
21130
-82086
773950
238707
912770
621278
-880042
-814918
-38066
-228612
-182989
762716
416834
-437887
-302536
762568
305601
917968
-325910
-55199
-689910
772552
569331
-20337
689048
-42522
-353076
412887
-604557
262165
-570621
-152773
97501
-477350
-14181
-13388
-289905
-329109
504199
737539
447227
-979554
62178
32977
-221927
-642779
-591327
7962
160458
542977
428770
-729107
276782
162560
17068
-404145
838446
-640994
108821
541915
-313917
911660
-253010
-561378
940181
197081
651893
-420744
512138
259096
362508
487125
53865
179545
-201894
251902
-615092
-167184
459485
-226278
-944241
815083
127924
425556
-612179
-586985
644505
-701834
989357
542419
778450
691052
-430636
-413420
954970
-445568
-89025
545418
263480
931172
-744203
801902
-105651
373532
702037
100164
-8413
761240
985778
-350768
-567256
-414937
824383
-567412
687204
-771057
-740718
727812
-303391
914071
-225571
-642556
-164822
272578
-964923
-854570
331731
5861
-622856
-326545
498060
750151
191795
-958356
-576374
-924298
60761
361282
-50186
78263
-216661
-404106
-231101
-921867
997460
774137
-687880
-187311
-24804
-587090
327631
-662478
-187473
-566503
-204946
571668
425343
977001
-615031
1391
-925962
-99315
562708
-705080
924893
430422
78511
-461898
-569759
-857438
331814
112428
-441746
854020
-792992
-162031
-844826
635856
100239
649352
891655
670391
-665151
-710190
909557
-913382
-163863
37961
-717455
-391826
464573
-384584
679622
-820333
-802656
98225
-704591
-95015
-430934
-430765
-318612
-310918
876045
-302816
888131
426373
-482717
648003
859279
950771
-452218
-143406
-291713
244786
382696
-766419
-974628
851109
853637
246029
-318377
-451397
780784
458308
-662259
-279181
323502
-542544
-487019
-507703
-241203
967193
-131660
-207007
473114
-396095
-354536
-769832
-88681
-628989
807112
971757
518605
-925420
-66294
-149106
713396
777603
-271642
535541
-319891
589045
761400
941435
-434401
-832425
-850464
246019
741068
312127
561250
-22108
-177621
-654668
-53027
476164
-775200
861290
-455047
-425358
340336
-523045
-754812
766462
682094
-826732
786193
827345
233460
680781
127905
-644614
14206
253081
947452
5605
608647
-430588
-773142
-220000
-49129
537275
-571173
827457
48925
87252
-383724
423612
937886
-674844
805035
-285715
658466
-255841
378499
230983
50993
-491804
-24923
-851865
-848198
-257194
527547
703041
936641
-733976
685798
492577
91771
-991836
349584
332185
-937200
464063
-945543
341836
-384955
211314
98542
-415273
825761
928519
-468721
-604825
230585
89762
782774
372045
-106129
-703951
952699
470217
-345343
-932329
439426
-114337
-322295
410745
-903996
774337
400291
630726
-854862
-562233
110893
-50990
664901
-659438
-540887
-751677
-733359
171729
-459118
173200
-157387
-396520
177084
-463345
593025
-128832
-646344
-212867
524440
109664
-965763
705243
154952
-35023
-882904
640650
318789
895744
-59615
505886
975715
349583
7192
-757073
-123139
-780635
384797
848058
-650224
22258
223695
919919
-615455
976122
-315962
496534
283454
7091
-300847
255797
-793768
-769076
-147152
-716974
-898654
399392
-110651
-880874
-874715
249505
-334853
270822
-89592
886276
-426899
-495119
-210941
-572979
88920
987483
758956
641964
309561
-115468
364163
-573205
-14779
-965877
393784
504405
-888353
-803271
285151
375334
-656310
763302
-652008
-36813
-189777
-757335
-155069
-11853
62922
56283
-506792
104047
927245
712196
-325355
-259659
-53455
234010
-772429
206716
631586
52858
-524194
-695739
-335343
754801
373143
-310320
438355
-454077
497147
-262909
766029
-847487
918560
-535661
-688885
674823
880469
-769708
-751140
473706
835415
219937
-673323
814351
-526368
967360
-248567
493982
181841
-181566
-679993
-767069
-608166
-530864
321121
-947980
951055
433326
845099
-852217
145971
855237
998278
629137
417164
399240
-843377
-92612
823364
-184871
987684
-828417
-992825
161947
-143788
-830758
824068
381962
773592
284657
38293
79281
297284
-777493
248689
723127
-329557
101695
-443198
-126452
816148
-459742
798381
-643432
114815
265528
376925
-490958
510106
311009
-444668
-858186
898455
527431
902302
66538
-710280
147943
995561
-187634
793341
-617745
186091
-388934
-974222
859867
662381
-725425
-189471
-313248
690562
-590649
-177122
622228
-105456
-863929
350951
-177928
-277939
-205612
-794622
-195946
250384
764281
-709887
-819281
773788
225907
-314435
-51388
-298354
-61991
-472658
123675
357176
-97321
695115
204513
536051
597787
-799404
62696
20879
138540
588347
-56106
626590
-799660
-181732
869986
464199
276817
401196
-836681
-28202
544797
607800
-894800
-578091
-317754
-771166
-834723
648694
-937896
148210
-116299
101929
-933196
-674555
363835
-705835
611490
963283
496202
-367039
-290925
242752
433679
808280
-708413
-544900
-192873
244392
-341640
-735467
-371031
-317101
857368
47706
537544
886161
-167012
852322
646328
-438323
-467351
995342
599816
947842
213217
-288597
-940856
183769
-430958
31328
880851
843632
796833
-209152
-913258
-491458
231700
-967803
-811078
994915
-249173
-607478
-640063
485248
-345614
-638624
-152619
312863
297907
906938
905080
-323540
-955126
643380
-35240
-532117
-787875
437162
-38449
-265459
137841
-874715
109822
982541
-511291
-359922
526681
-234022
-442795
-804894
-191991
163255
57911
-517401
-409386
-594808
-448845
293765
144775
-276215
-792844
95167
913491
12789
-69201
303776
-970665
-95165
802562
567844
38127
127644
-826755
-365206
428805
114785
-317022
-455504
-322701
306343
389173
725961
735342
-433766
-831630
318184
-8899
-958413
-55943
180362
-619523
-6663
-289096
-457986
-860819
429650
-875550
642808
151601
-827099
-353670
-642647
-356921
854766
-75561
684529
-52121
-222239
555311
475730
-922047
858843
-529480
-154316
-134865
-118485
-103301
-231494
-181470
384990
99175
-233854
360950
830645
-500191
733249
-748999
891181
-573499
418731
157132
-710929
993377
-341664
-992688
-811497
855417
-384057
-40092
265936
134502
24916
516719
315060
189345
-502621
348223
986622
345486
-476567
798888
-454232
194088
-25059
-368586
-201044
-498901
-91308
246330
-52892
-794452
-591240
-12354
-44135
831837
809114
-4257
764771
906426
-785608
942008
341737
-902337
-793209
-783610
-378572
185996
2283
-741395
334042
145046
-310428
-527854
37750
623001
244683
675993
815686
160860
123515
673498
622736
-146234
-70108
-197043
126810
-369058
-24913
528920
-256278
-46424
614928
964135
-69388
200829
-640786
-880705
427454
946905
-115860
389841
61226
717985
178852
-728533
-956868
-206137
-454017
486368
701000
-201365
-180564
-146306
-807382
-722567
-195394
90770
-522137
403445
-135499
-378767
535414
-349096
-27715
-881703
554160
118800
482985
718742
-656914
106541
854851
-198816
445877
-352739
-373342
426453
-551604
978396
-119177
-907897
-597564
-438859
650604
-197762
-437540
-712924
588459
-97243
814208
484280
978191
-481120
998465
445914
-337413
-532130
-704168
570668
863223
-158729
-147369
543728
-897562
-609159
-350921
-14455
130415
170775
704078
-857041
-814329
-385920
547870
13598
-606283
-30622
147013
-164551
515405
638418
423680
185429
792155
914941
-22293
16229
597403
297879
765115
-14751
-538241
-319265
-604754
836421
440915
-30879
176383
764277
814495
959613
-243408
-181973
589075
-350558
-769757
-656628
-363318
663914
916304
423562
834949
-286620
-793289
19301
-231224
473167
-782687
-866781
865665
626543
-440802
608487
720715
-461515
-933517
629732
348869
49721
-631279
21462
-547180
-888653
775140
-170181
406935
763807
748978
514291
-22612
-66818
267149
-178233
-259104
-732782
403745
636428
-751106
422591
-899258
663
-38645
-780427
580471
78357
488583
878794
-576438
-641079
148584
141719
447682
-144433
588625
-139112
-802362
451495
54880
555407
-815108
-355603
-479431
602431
-897475
-940677
-685509
466534
442245
695935
-492682
268997
809740
-174427
-800620
854232
-378372
870751
-424371
994653
-33269
-148233
-872278
576508
303127
-300146
-175777
-541288
-216841
410734
-666916
370725
-608365
668414
568324
102066
-168201
-252042
-338849
-691427
-63397
869040
241841
-12426
1560
995327
-83073
547424
-6962
-119025
-132297
580655
-605053
-781713
-474330
793113
301657
-568017
-147237
998844
-456665
-881514
874554
-185692
750194
-342233
-383479
-958994
-293618
346090
-459763
324229
521103
-259629
-847422
-132009
-292086
-409677
-575781
-677555
199135
2641
-552005
71440
163679
245249
-476374
832793
165795
580722
-655877
-403002
-77042
-708974
77246
625690
109670
-569502
-888123
328865
-202041
-105580
130958
-789264
-68761
649120
43236
479975
-197947
984413
-159060
269372
668450
-605209
948766
-431918
991610
491941
-669129
-637903
28895
-833423
718695
-426934
-417050
957674
-74364
202615
809883
732279
-631682
-612995
566036
-820380
58656
-408246
-894549
342300
-957802
-787233
-820094
-128732
969334
-439633
-601392
-277730
-135100
681901
799711
28706
731
225597
-898999
554882
-720646
-527251
782876
-89489
363421
-591642
-835449
-52399
-622174
819392
-998778
136682
46746
198652
-232649
-15516
125405
-103933
168683
850641
333995
496591
772529
-627858
-785805
846532
517856
366477
99501
874030
427362
-316238
-609798
-893744
866487
-352377
-550371
-611649
-571676
-87078
627038
-86717
428367
-815549
411511
-981644
6325
-294071
-859082
485690
-881489
537414
991057
-502754
228266
-451563
-950355
-207987
304810
394222
76519
382726
-622315
-812076
-342350
72768
-809081
-922387
-845068
39333
673490
457820
556128
183501
949965
85268
826107
-346618
150822
647699
-661982
282069
-232929
-975061
411949
-792064
-843288
-780195
372033
530841
-725476
-277547
-395007
628312
-97109
-263911
551089
681001
468956
595845
-464524
494993
19128
-699539
-528702
851134
254608
-396378
154537
709124
-659367
-793478
-877507
-754976
72091
902035
580038
286104
-635184
-679359
472544
-456068
623798
340778
-412055
-333729
-365224
-93388
182003
32948
701379
538960
566842
-917261
-155122
-166855
150862
-832501
920115
669041
-79211
-301524
-757781
-886166
-312894
955750
-221747
-72049
-173672
-675156
-69207
-490259
-12873
13160
195476
992200
-297298
-547170
-180398
267172
547020
-282349
396839
-719439
175094
963501
-988672
-125115
725240
-6497
755466
-496705
-47224
389545
233889
-316958
-926483
368855
833309
-598279
457859
-317866
66212
664277
888875
398500
-891167
223106
190147
-234389
218127
-633465
721492
-249269
-193122
-708009
714639
-872544
-402390
497234
-335176
611767
-500528
731962
-624382
-817010
-542653
339366
-272229
901338
-702269
140282
-264707
-748810
453751
-962549
250782
447153
-755684
954332
231656
-186842
-624252
54813
115819
133966
-44859
704664
639319
998498
-629728
640268
-638181
-472386
968178
-368865
-977022
-541197
208663
-597623
-325331
866200
777197
-161652
213169
-222737
-592701
-333181
-81836
-640614
960227
261950
-87940
588089
-221759
-520699
-161165
249017
-672007
-32851
-84315
951723
-901084
983353
-631204
-685351
126042
594532
-607377
727373
-319930
-289226
-43448
62302
-515626
-552090
-825927
380272
-476600
796140
-631138
653641
649144
329516
594258
910682
-404136
-646113
505579
592945
878370
728027
741680
-778464
18637
575582
261455
571007
584480
287410
376102
258343
-914899
-285109
46471
-75777
227711
-918979
-728676
-763862
-494596
-749565
197099
532775
-343029
-502485
993003
-816462
970346
536106
-338077
-489406
-962419
327042
44641
340025
-253731
-161601
439353
-704516
494896
-593131
-75459
829181
-575582
873438
-965238
159879
682493
149174
-671839
-806822
604736
444814
192355
-188252
203306
113567
-779279
-102516
-460686
368163
701220
149938
97793
721870
-665452
-326026
-739975
-585628
-11594
-501308
490527
-34286
-846817
-194270
-504519
324134
304343
-668612
104142
198778
479801
-289329
974508
-781929
510415
986424
-101609
-8271
153875
-911858
150919
-857724
-946765
-475910
-683499
-856538
223950
-570055
-67270
51894
-105617
-469467
-954864
-936063
-807343
-751615
-826497
-307454
703549
-195513
-563626
770027
649994
465624
-586680
970521
-801055
-929632
-517629
135492
-746305
-885494
-994007
-391881
123100
81619
609327
876922
-977813
-583665
-889341
-834040
811012
38152
-8625
-104488
-966639
-867989
-956263
-249352
-404098
-909414
454553
633994
951220
304651
-706907
-12062
880482
-268630
30585
-961901
686012
-463925
-787886
724355
-926582
-524038
-664139
-887931
-674956
-53652
537792
-132124
506608
501304
374142
-838003
170388
-460305
874870
306966
-454858
445190
485080
-295849
-928603
-110740
189793
427213
-523072
-994332
-166188
-194412
2766
22758
242906
993356
112100
-785290
-282742
-177900
590705
-844806
-440533
26623
986125
-612168
-541472
-203543
-990058
-468419
244064
537267
922877
278304
-659256
358151
-364560
-485144
-443123
338361
-185441
340742
787888
611530
767250
-447893
184013
-564321
-7577
837546
-112201
716461
-54260
443066
-166508
-896151
224430
-670063
-420271
-541343
569585
840364
473019
-568862
540129
-518902
210406
286348
955524
120874
-965203
-316002
-148266
845038
-488222
-924052
-35532
-21230
-41657
-170893
180768
349013
335734
-385440
32207
410207
-620022
706079
279138
417169
-387551
-944754
-271971
-547908
-229443
-643324
-150318
-236393
-501438
599960
-565328
-343840
227099
-593469
485814
572150
38421
-441084
-991869
878054
-157451
378885
29937
902794
-555319
-348887
113385
131291
-938383
579538
467354
-492652
645259
937733
863200
-683178
326805
-267954
197057
342553
-988989
-412023
423122
-700955
-863007
-123425
-653964
25497
-829201
-974384
-877024
-550499
626221
-904715
777918
970132
666455
-548692
700524
721998
133630
604410
-664943
91706
-183422
155491
-168312
658691
-145929
-459920
-683561
-574650
-765678
-231972
41561
-606528
-182692
691957
677961
-43409
-550565
-66259
-24226
977623
28427
-847720
-557465
-195295
-539584
-653775
-467582
334224
-269516
-955934
-277666
303119
-455912
499361
586405
29302
-931898
763438
-692074
579319
905410
240083
80676
166039
243652
-66768
916582
-96863
-439186
-228811
-896354
955049
310661
-419871
286370
750107
309530
-170520
-192819
-953412
196010
-668358
65737
-13712
-235389
930162
-829185
667069
13712
208784
355731
25481
-442155
-125026
-793971
867660
91661
-848168
687590
-981403
338012
-590485
-167083
-10005
552242
-536480
421363
-415158
-690414
485053
-18058
56297
-201052
734520
-262954
662039
-353653
-726028
-246408
-939103
294218
-887859
-666540
768854
664429
840010
-821502
-973973
-102598
972639
-209663
-520575
874595
-889386
778381
148765
121564
-731695
971685
-254048
688641
-717908
575488
53541
-942946
-338336
969624
-494237
-512403
683330
611924
102036
617289
-194302
-90491
-842531
843675
-754458
111497
248718
-805789
647410
-170321
347010
-249457
811974
156698
526473
435720
565424
205612
-427541
734705
976604
135549
318727
624794
-679050
876914
775497
-371316
560852
-532190
-607168
600057
968050
801589
461049
-702816
-50983
-696967
-85635
279931
651549
-537626
463915
797676
-525788
476519
408397
82870
223747
-977752
819962
679728
319040
610498
790077
-418674
268582
507283
-696605
-66212
-307398
932264
889410
-926854
-447548
-871607
-93858
903827
956486
-221481
-42906
954853
890241
-634442
382611
-172048
-661272
-21584
791894
-749103
117817
-913803
-598730
1768
-40562
304265
130830
-692564
141555
241029
-40660
985181
584617
790584
-991228
804215
-771165
885342
-244782
278795
-715023
31282
217258
984094
842689
-764324
192934
-46948
-592397
212833
827168
-450348
387563
-43726
673878
-72152
680168
327753
447336
-310838
-397514
-544126
-805593
898383
-28713
-884568
-857744
675194
377716
-537988
-95105
845598
-264637
19568
341027
-284536
-578965
75137
-327237
-970931
-56167
-746642
-92951
76471
-578246
478824
831827
-384250
-280750
732332
-222183
919336
-704733
549648
-843918
-817535
-428139
-913041
145211
-43573
235925
864840
-949489
-572609
178583
815150
-655456
614093
-140557
-270140
-138696
446967
688329
519640
29332
-801526
-843554
-498336
-230530
873017
786625
-890241
-707853
-18511
-784993
-916996
-570049
47916
-669017
609646
939385
358297
-50943
84222
-932022
-263635
-857251
627043
-531835
-20547
163276
57013
179230
-650163
745332
-943717
-46629
330419
638205
-771710
-205490
152366
158943
-677
453605
778637
181236
653495
-868787
511827
779066
-495280
-289773
897238
203167
-990758
351621
609278
465477
571255
-106843
-307299
-424564
-985913
976558
155162
655612
589634
162354
-711544
-829284
-628547
886061
584037
-762286
-503106
140425
-99663
768587
-555865
-976363
-302803
618741
-40253
529591
-128244
-245851
-451285
-992831
501516
615805
441719
-287798
112149
-180346
-155159
-563016
884704
-64473
466771
7701
991105
563190
318273
373468
-984714
-990512
-187482
-921023
-800561
680951
385569
261699
667630
-319400
-944486
-891643
372373
-665799
191660
-732963
874295
294965
444833
-141368
-517142
231439
-180326
-688895
204579
417085
926225
-39924
570947
-640507
-758637
373487
-314677
79316
-459976
-612005
2030
-915371
907851
-634594
-833210
-316198
268977
909240
-57078
458438
839200
-328697
-476843
601156
336174
100625
-571452
-151780
-414934
-450566
-49568
-503627
-209818
278112
450918
635421
-48260
341151
291555
624619
-545120
-918166
-885680
-726862
-906447
-471290
118383
-508693
911645
-627565
247106
489457
-904836
832704
909362
-35447
-238430
-512868
-250455
418632
95578
-105190
-975086
-455570
598125
566992
736270
-268930
923626
-230372
2256
-996470
685151
651127
-499287
-379518
-649458
644109
624437
53868
620086
-996146
962832
579505
433922
596686
730763
17098
220429
110657
846752
246396
212456
-533331
-609416
678659
205331
-775099
218009
-551561
704907
-369160
-690232
675190
-814568
906926
-435219
-509428
-90568
-688251
-124114
-890539
-753396
-40346
396501
-129210
-142045
663652
-638304
-94442
-543988
989289
-886265
-136322
637621
344797
372803
-551794
-947501
929446
-806288
-992215
-185385
-439518
170468
-592091
865917
-759873
-589375
895035
735838
-981075
325917
-842522
-370786
697726
665651
-251713
-80325
-847831
100272
376576
-11057
-952991
-286544
572870
77961
898912
-740016
162331
-403796
740613
-295942
489929
702306
-131960
-515932
-405798
976177
-77907
-295116
961302
-169746
-966443
708260
-742283
293874
365151
-539837
-3217
465831
-524217
551556
102620
921638
-888507
-805009
649410
234367
70094
-641213
-233429
809010
932757
586530
-332500
932607
-948740
-576731
-283681
-692318
960217
-974069
-531530
183471
-839965
-76597
-552608
115128
777797
142151
473536
-595355
207245
995795
507020
429226
214299
-618992
868170
-186472
-485821
281197
-566862
-542096
388821
-538135
490516
-568469
-180154
-43990
-9059
-54856
-454951
-976209
-893338
-836530
533878
-252632
982721
87580
-219749
672032
229136
-475033
-542545
-461254
-878970
-128407
82808
162771
-987781
-947166
278323
167394
237384
-946605
-900804
171163
878698
809801
-143637
113861
-245823
466290
-255116
860307
-328452
726746
-648226
639329
-298528
-719149
-861966
379162
-522908
-951222
333122
815239
-252872
-391889
-704051
-769307
77140
242775
-336848
-663176
646676
503425
455022
-615666
517978
-75174
-418292
-510800
-752362
-177111
919945
289288
776586
75175
-903977
682025
-711104
-500310
131528
782248
-947340
823366
194823
-547993
-690434
103964
-437922
711359
74292
-302632
-752750
607826
-428121
-87086
-31905
-363763
688720
-209902
239177
-875131
-121576
651851
-186965
-278176
-782465
460801
-359274
-81420
-175324
209691
75932
-569873
348836
858105
639136
-83794
212236
725675
366891
646889
-97824
-414713
132339
892890
192779
466221
-553366
463770
490134
715020
65324
-529031
245875
-238847
-270543
-757038
916114
862180
-841442
-74201
-663776
-549992
5356
-219140
871833
713269
139795
966414
918703
-85046
-54759
-628816
-499476
-162388
725082
163336
48156
-830890
-404083
244445
-687619
506884
936099
175543
-616983
-631949
643879
-908458
180464
341304
-755254
539022
313446
-213679
-107013
-333660
-224204
507046
509603
13860
216104
420179
358146
-27516
746392
893716
44480
-45810
-70210
527846
-14847
-260404
-970070
44035
-218394
-774272
-767735
643595
448114
-393046
-900273
973600
-118173
-47111
611546
720641
550837
235647
741537
-762665
-43609
-748692
404012
-665569
99403
775156
211780
997383
-556937
681091
-623217
-739648
-184774
692544
584968
661581
-878066
766729
880527
-604721
487850
-139009
-231225
675069
98293
158987
301305
-264335
-766995
-690683
-524860
168780
374132
448342
-309405
589209
-908792
-247069
-819649
730151
423838
148126
-161373
224762
362237
919798
-377117
655003
-673589
-889875
299312
993413
510078
658801
-87003
550167
192403
-25288
-297540
-665237
-543105
-296433
330541
945861
-101905
-789062
168785
904154
106362
173506
-802600
-516454
144589
-910099
-642226
422583
713012
375573
-814832
-963109
766272
-187092
-385307
741534
792329
989960
-163403
21765
843424
695111
-739682
-722664
625623
-125055
857549
-512341
-114084
763977
746107
847104
84306
-255791
845459
980758
258600
-541573
713327
-319809
-77205
-842262
-441900
942304
656375
160057
-515017
-916546
-212975
-917578
-890763
86610
453891
-609973
-20596
-312228
-223702
794707
-298461
179050
885377
2105
-631829
-165921
536768
-827021
-144963
42722
-655039
876505
-947152
951242
-583699
-596574
532677
35259
73906
-763377
936601
882990
608227
-692246
-475981
-301062
-103202
-389073
610103
596788
766021
-378264
991365
-515235
67740
645191
293951
627110
-54769
-615880
-368065
-548968
299672
-961520
412412
940639
-184660
-235059
-223809
-379439
-499148
-333554
-610025
488156
508976
405170
390985
-903455
-557906
110644
111825
-854249
568308
-855495
772574
-767035
231160
-443854
935011
-844823
837613
-83225
-770014
-76374
-319696
133914
-663475
177548
-905186
-75360
730562
-119569
118455
493831
569191
154433
210707
662370
100982
383467
-722281
-601083
-324496
942409
-838607
911484
-245977
468481
-185730
378008
-714164
-272648
309420
-823729
377235
-302121
801957
830114
-406421
16615
-494493
-911760
291947
-803279
385987
196108
212221
-535452
178544
-220627
899649
139106
-795885
933004
-53000
769196
102047
736909
570784
-852444
236656
-502667
-742406
57566
-528399
-590948
682547
-715329
-491266
852666
-354543
907647
-365660
-917318
-534593
257828
835408
923727
-545831
-655822
-9900
853221
422035
276389
141257
80103
-224461
830061
32253
-622718
-558035
639546
-560143
143553
-979519
-44678
-388786
718931
-654023
-96217
-668435
275574
-192048
506082
254412
-651823
-769824
-426600
-640497
-828530
335697
778441
328337
-967652
820957
234577
-630622
-953160
-896159
-280897
-188644
71125
945103
437670
679646
-448989
180698
-393548
919327
-855592
-13407
676223
-576716
-860303
-606205
-168231
275112
438024
756627
-264599
-916554
610115
-342385
-650290
-319001
-904453
496380
-292624
211010
-647671
637024
520355
107839
-735526
932635
-878044
642330
-565110
178602
305910
88552
121009
405344
740242
884167
947716
802865
-458824
-474989
-583028
777265
-910120
-860399
685324
-114442
155115
337295
-343399
-734766
111221
-195777
-443963
-553376
99450
929594
-953546
786142
513069
46174
-84020
-710096
743331
224624
-49937
219165
-790495
389858
-417769
315298
-933753
963891
-281707
-884163
420492
-820601
-257337
-469744
293879
-547703
548200
-184325
-40561
846171
448171
187009
899393
99674
307802
-16232
-1315
446569
-554493
-664850
26532
717596
509967
-819154
518448
490138
12434
145796
63780
-677568
22047
869195
-419667
-325777
-183215
591864
-895737
883669
-115762
-532823
-276377
659661
557460
873912
-362324
221740
-636638
-836038
676762
761401
751328
-234398
-102620
116388
-176158
-414763
-708453
966474
455949
578241
732456
-450836
-299874
-407072
192500
-43905
-123092
148511
-660317
222076
-197657
793816
-647988
-519113
176666
-674650
-591711
-463902
-682777
381863
41614
-104523
418940
643056
121759
684854
-897960
-85442
-860515
236125
331822
-93788
-376136
50778
18104
-416594
74826
357233
443686
987497
-888774
-487913
-763996
-830350
67992
912810
21355
-565650
-756307
-601122
59073
-660290
708548
-289046
-412825
-313834
580688
165006
413353
-840057
-166072
84671
-696279
73785
-179043
-837091
-909996
947999
282437
670329
-825130
287384
-390505
-498160
-355139
384306
-944294
-21550
-292130
-132356
914467
-858216
-721924
-533605
256839
-979262
-188019
517370
773334
907339
-896521
860312
871610
128183
-700793
-310019
507285
668231
-637817
-330416
-506705
-164926
126180
39187
118265
330403
-662199
311023
693588
-542439
187974
-748865
-682465
87542
-84629
-8841
-574563
963512
-158291
713047
-159294
-270386
-826659
657777
887877
104601
-366601
898595
328903
457999
-22662
549214
-27815
-857759
914801
-341458
-117563
-860625
955747
-127851
-415245
-287304
5004
945927
249662
-387543
981621
246773
173245
-129197
-972698
-741426
-332759
-613358
-422447
870087
285176
487401
682827
366631
965641
367248
-665059
919555
316277
18052
379497
163529
-895041
-625656
-995934
-887484
445974
-883508
-416018
761449
341790
110774
545781
-733013
-220472
567944
94436
-259782
930751
585650
-265939
-499711
-207301
-276147
-631986
-854272
-117629
-256561
609452
-110472
815327
-918134
-735004
165758
-147836
800886
-108012
-451840
-266913
159673
978590
170786
848173
-702153
111456
-886229
-466765
11290
-170139
-531170
412244
128586
-197787
918422
-95807
-637902
-50103
-397907
-165243
-701064
708677
484525
49114
644730
-174545
362910
935099
-373994
-629762
-681430
-680724
32408
814577
-241961
-840192
-519889
-389700
355205
-612500
-195282
-652255
448865
-526216
-100734
295837
-409095
984889
-795812
199589
-120066
205481
-131793
36967
-437337
-205157
-5742
-570319
527210
-315703
603036
32786
263057
-475150
-314745
334659
-957647
-689545
-172336
160978
-647489
-115860
915387
266756
351963
-238273
-842520
-581123
297347
544261
-97562
-264498
-483607
837964
799519
-758072
898125
399604
461575
460302
-666842
427698
-55183
-907660
-612903
-752199
660137
384838
-295221
853253
-343587
851200
-579765
353190
-378504
-807454
536130
629620
346770
901024
710553
421021
-591450
58770
687573
222116
827703
396105
-871099
-395127
-550362
-664963
-84976
557427
616115
675371
553774
136793
746496
783860
-888464
-768456
-154831
-188333
-829983
466411
678733
-980282
104776
660173
-816818
495959
645506
-636295
-618088
-320902
404147
372289
653942
281569
-693701
-25406
782548
857903
-987909
306433
595217
-142346
-662414
175048
688062
829950
148919
-876467
-691409
-346736
546700
