775976
228621
-688662
918155
-979396
-610538
419179
-764966
-64743
776258
803966
-7274
342805
-494210
265938
-884277
-236011
519502
-537126
17226
-834733
-670853
-447412
239460
444933
848310
754829
-149627
-126417
-350520
725801
-656800
-956550
854740
-595954
-478963
-267951
148374
-628210
-934200
-533834
408220
75372
-812420
-733781
912518
-42486
-701003
218386
-839688
305705
62821
319149
649075
-755749
934194
312482
-893207
-464356
-859032
75263
199796
565900
-851037
-225355
-648658
226847
-827870
-957752
-952425
54804
-16313
-760340
574675
-575997
-796755
-691826
-309309
-763265
938149
-121641
477841
411719
-316287
519269
-90963
-490120
160987
922911
794936
-489256
930014
767879
355979
-514255
286712
-258280
641905
961615
719230
-256135
-837138
957786
-394809
724540
-980748
-175464
219324
-438782
359317
985163
-211557
-368122
893020
-657964
-925704
770633
617506
871318
877016
-186629
943768
-47135
-365233
115301
-959361
617496
-853916
957236
-559971
-827242
-696211
-19079
-496676
54407
-108196
29360
595973
-297784
79613
-414405
-341955
-937796
-430665
-586271
345743
-880945
-409654
-79769
-518403
604609
-894479
-786670
-191973
-88776
888041
849291
-796977
394098
-988642
-859358
48050
932965
-389293
999455
472766
69704
198895
-589071
606854
627730
148507
874740
748368
940971
-607021
-329476
209564
818192
559445
202409
993507
-923980
737091
142786
-376962
-634629
20713
781406
-854493
212776
-341364
-676438
606541
594875
-490682
-511968
-364807
-377469
160983
-596967
472362
-729875
517129
-493523
-66581
-869715
-752291
45034
-807412
-704000
47073
315365
192034
486139
423660
319315
-506198
-535369
-71582
-484834
716182
-605767
71696
-600274
-444028
-702516
973589
949492
117196
286631
186346
-366667
-683071
316105
-942790
-914407
-464165
621117
447429
-221257
-916171
-663470
909648
-127581
174180
-574452
-960456
194626
79526
60136
432312
-192008
-99063
600814
-473450
-582182
462410
-591322
-213031
584755
64921
942707
460665
-252988
-730675
-228196
643730
480756
592922
337816
603992
-996061
-110046
15326
-80086
-554851
-999440
207582
652970
282043
-229370
-882102
651920
-914295
-474084
483597
-528946
-586127
927659
535090
516065
-816751
341997
223262
89522
96027
-344150
15509
111256
933645
456494
764947
825322
-375087
606710
892298
-328583
599925
-138672
-194341
849350
819085
-857051
635598
-724304
238912
86475
-605188
-77483
-370575
249224
519055
392173
-62821
623813
-487055
884943
833608
-726964
610337
-793507
818262
-130762
75456
-530623
128284
-667638
39850
-91313
928399
-525280
781160
-51338
87544
491269
-430304
-531736
382795
926254
-213659
798963
562856
-989260
750846
344802
803074
810471
-598937
-883645
-890117
347331
909545
390808
-230685
-602372
-253087
870084
61396
-300114
367214
48664
-842119
324310
795171
239935
215896
292490
770212
337943
-855489
-347609
466370
485146
-839783
940587
488275
-543457
-157369
-818332
814692
781600
-948883
11539
378314
683149
-712386
63017
-666486
913850
-558786
-920374
959719
269229
-629481
209451
-254101
35770
-706494
-158109
30221
-294958
605711
134122
585012
-654934
-371757
-597561
613519
-968722
915157
395688
520722
255403
985853
-896793
742459
-652028
686393
912827
-109362
626447
-362981
-433035
-519487
-648354
545526
306625
236782
397253
-111509
-81135
498818
158611
733089
-558028
-330243
845118
702164
-292019
648030
899746
318309
418952
246057
649771
-240828
722658
-737013
829809
-167750
-315431
251562
-844353
471199
-937399
-414985
-690638
-173790
72341
-787539
751177
-496872
-373177
-548364
-74191
-720437
429005
-734800
-362308
-640217
996918
-970033
856300
-369075
-592234
-955548
517449
-42029
887219
-160200
499559
383332
167980
-684051
-373896
-584784
942734
476513
650469
-701640
-771815
-745697
-789711
-252833
368324
844109
-320111
896139
-597696
-316453
-84179
209550
158441
-2666
984509
-796142
-957454
445405
-958653
-962666
-136919
828207
-571531
894417
-193139
634834
117814
303108
-492790
426048
-122833
-640297
305656
-623248
352279
-801914
-504456
-596252
-371660
719731
-443239
-241548
626428
-987533
505989
-664919
667951
-379346
-919907
-848293
553149
-938053
303729
784638
538756
231586
-297178
-454167
665782
837939
-53527
-707091
-87539
-917115
360758
312613
496064
271591
-49144
300896
738821
560039
119836
-607641
326927
-130381
480674
829226
-972956
302060
-779753
137530
636935
405244
-311177
905919
-649191
-315394
744215
880791
-685669
236964
-913071
-608658
74910
300095
769028
-957387
-370671
778850
-848792
-705406
-834119
-832894
658065
441815
-569209
821973
-434818
175942
-887684
-325443
-508557
-777176
-230262
-204741
-52437
-450792
487856
291697
-797399
796093
554478
118372
811632
-134325
248873
-21022
-709785
402005
-501463
-615682
669066
768436
-28380
14652
48924
-594786
689353
-294045
404833
-169775
-104378
-113316
568887
-341149
-239216
689303
-482749
-601692
395497
-521146
-7490
-943093
25967
-204338
-87722
-14878
245799
-504059
-417194
-412768
206687
817274
-967514
443029
422656
654525
-807347
-821042
587247
151482
-690112
699258
940608
-421942
-960099
148629
128371
-754038
555200
-46879
-415601
200530
-127451
425313
-186164
-866143
397451
394903
-878520
-869154
-582627
-420291
-223839
-769490
-172942
967008
-617843
-220023
-504658
-813399
-816865
645358
-820189
-981181
-745006
-108906
-981863
-672506
957648
858745
-52214
-180849
-749541
890479
309972
155258
-514698
-336406
928488
-543569
408622
833596
-705345
-914370
-181720
905563
-632098
999928
-164481
158895
-533870
-116445
-52941
-597274
-275951
-872049
-543731
-674761
-484660
82275
-721813
743908
942635
-235178
-5926
207783
620351
917054
-369901
-55056
-102246
245109
-711512
521423
-811864
758015
-331029
-230036
-756491
-600731
-42915
5018
959166
697770
91979
-414604
-493407
380866
524446
105624
-272385
76228
837731
794422
700923
983605
-291933
-93616
145229
532554
626178
-346453
-849373
571299
979608
-951151
312802
-983050
781634
403504
-744011
971426
154297
-851019
-165669
-336839
430844
41097
941152
-931435
278395
187931
17363
-394303
-169252
533537
740228
-851930
-858498
-456566
-977566
55515
507400
-585701
270753
-993697
236823
-770058
-503101
358222
522006
-457844
-336961
962757
436309
-258300
727396
-896080
996001
-415747
566784
911219
678615
-18760
-26027
382738
-621780
176833
-894634
-322830
-968778
-838366
-797609
-223117
745827
-926520
36998
-539494
8004
-471361
-467408
-38252
160602
38069
-93342
-544004
831776
-19057
-445010
-100895
-340057
842087
922517
-326078
-818794
983671
61732
43632
-275636
4983
158413
-470521
-289875
316955
187333
-851029
-699624
259870
557223
-302559
-210598
-808648
-202259
632220
517923
362181
254156
-662384
851697
339307
786050
263397
-684025
419401
-419782
228628
909870
-39655
-319579
-934363
965404
942905
285585
-479377
306833
-417560
302687
-744819
77045
608676
-819570
868650
-908529
-202310
269250
957561
-832143
533782
783642
-888279
56768
-675480
436829
-26343
-468609
575066
-69742
-720532
-299090
366369
-687179
-450113
-612365
-435271
-938103
-318278
475387
35159
628882
-789423
-531551
-384268
845194
477089
302689
350870
-845789
-818767
25698
-668267
-480705
-411274
-6757
-882919
107036
647222
194460
672489
-391871
-925135
924375
400553
678347
-613212
453583
-74269
-786801
-644936
506818
835152
-668641
-877765
-631630
-252860
306548
982988
-314843
831815
-802132
-268735
-979992
440712
-952951
-709758
-66142
266848
544348
-613963
-770170
-289223
749857
128369
665480
295896
-863655
145063
-758456
-562503
633254
710529
-661073
-470580
-899768
269029
-310654
-226283
400585
-8726
636111
-951793
378584
-427789
445628
-567050
-627863
532089
59365
-774959
-166046
603343
-717992
277998
447103
-190371
-895361
570424
-368426
726532
794675
-544664
759457
-590825
-912301
378084
938368
870583
-321758
912360
-366495
701419
-553842
-25560
-84037
-960980
-62331
-720402
-87617
224805
-784308
-226282
-195839
332895
116167
-123265
150661
-867943
880792
951274
-101784
-705879
929960
955698
-490045
-950502
304146
-13186
-904645
-497200
244803
661036
970696
331514
-965253
567861
-719863
-657341
-68481
918464
-708685
568683
-294809
216769
746596
-91189
-232930
286112
-314065
324528
474656
-523664
-391437
805279
-2774
358332
691984
223642
-369936
160345
-458979
-333584
-321638
26644
557438
-237796
736884
333140
-959200
-930742
-464903
-316130
-798960
803055
-401882
-237696
-752405
283960
-475822
-25653
377382
-110938
-786456
522310
-381362
-741326
391713
-338865
-765577
893798
439931
-603847
-896609
-935157
-677403
301195
-19760
-497037
475082
-414169
140339
-409629
-331604
-123723
-578548
339579
277518
-248364
982251
-369725
359311
-340708
903134
-912282
621614
958062
390850
667779
-67489
-569704
425117
-345257
-21299
304673
567862
967201
479616
973516
321096
-357499
47846
-673770
515397
758207
64696
988152
16929
-96985
-563480
439422
-517732
-45068
-964027
-638576
-69523
435561
-471649
353038
436318
386153
-720138
-991358
-406978
664298
-376679
-676997
-255456
284213
-157090
-927958
-718746
923934
-244948
238733
768309
-867319
-514575
-422919
-847051
341599
821581
797634
522395
933848
-713495
685231
748749
-137251
726756
-522189
-811826
-582707
-483821
-464844
-551452
-379241
-512167
107458
799425
-75386
-55721
869607
281735
915844
603271
-386058
-11764
-109340
-863698
-526628
-176307
-464166
-891034
147105
-580055
462478
705221
-412738
-296384
-151163
428124
509870
-179068
103507
579376
428098
511721
-344404
624923
-294307
64681
447915
-634082
973794
-720920
-779052
-365938
767846
816131
-885208
513742
103275
-365378
-859267
967912
358463
666481
-493285
-114829
129956
-379206
-136669
-200428
22230
536262
-141422
-462677
-352518
642945
-809021
382711
602860
230648
-526181
-192551
278016
447602
-3018
-808272
-691254
-932458
892555
498641
-952296
612696
-602831
738804
931088
328209
420405
-748877
265299
-902119
-928268
-559596
-579409
489170
-733207
89845
576811
318848
665371
-752004
-927225
368848
-423130
-753757
703457
527866
193047
94237
-938144
609397
-525117
250124
237648
448857
752603
902618
461925
656233
445864
869363
853897
759907
-651688
-989105
-896567
428604
536701
-384649
-922934
93739
-297327
-613366
139050
702857
604416
-888074
-198145
-93432
-234424
721948
420239
-347877
312195
-560129
-425478
-812048
-425644
83154
718627
179766
-513871
890820
341785
-460225
-675533
-805768
107381
453035
354803
-441889
406015
-388875
-539524
-749231
-694251
-332637
-973840
-756938
-296817
-396148
-685168
-70214
-844146
-476463
-94850
-712307
-847133
923855
9441
-803360
-956302
-314107
559863
-236701
-725908
552151
24466
831502
302898
-536326
-659167
484962
965805
-716926
-808970
356572
771666
971072
-361102
-31456
-207207
42889
592325
-241658
542669
357911
-356048
-499471
715533
583520
-563573
870200
923901
553113
229177
666571
552568
346260
171594
796527
126110
-638923
-807744
969588
758122
379792
-362320
861245
803053
-282600
-617166
-210656
-577388
-317667
127991
616020
456055
878802
-280065
-850878
-269763
127132
-888699
-401695
-181893
-228655
-874598
-135596
-865053
-558042
108613
-326121
-660036
-930827
191032
-211048
356598
211823
135266
639209
43860
-719416
993185
27986
98806
321427
-106135
159084
658965
-703721
-574785
965554
-340658
344072
-662616
-263263
-825057
-124737
-299485
333104
-834692
-68131
893079
170442
753578
601613
-176797
-626850
-443475
418225
745171
63962
-175684
554441
-54705
642942
-643977
-196866
-294053
135463
-127431
71388
967676
113109
-10840
967991
-920328
-438815
-664913
-796912
-580452
-889230
-327585
-992041
-166392
-336967
225096
694687
-596287
-198647
811069
725944
922661
-393789
-430790
154550
-631668
-90112
-267259
994083
-95470
-740181
840928
598380
-136062
777162
25518
533276
-692789
-346709
-410089
296075
978226
-397886
-122772
813464
-289420
607060
-630558
674649
-526420
-820185
-962678
-829468
780681
754404
665064
902492
438417
-575924
142732
-275972
577812
-974778
445541
-955036
-417215
665370
-600219
-958398
-997272
-986794
-751270
-654661
180603
-280667
933088
-52806
574236
222375
375854
-133753
33244
988561
802061
-992749
-905725
-603611
-482391
405621
-824464
17823
-815822
563749
794183
657257
-884067
-194642
-243396
-724735
893786
-660804
8084
27472
-507976
438412
41456
-331905
34085
-645841
169800
-433705
950026
-302482
912584
844151
-297652
795369
595536
-848317
646708
486472
-17828
753760
446670
-100505
699058
591653
-981452
-778568
-572641
-297508
213176
242623
-352735
164390
56369
-67975
219438
51726
-610461
462928
-333496
-393618
831233
873030
-682085
-880287
-834302
-749661
349337
548177
-420821
-486861
-479518
-837028
-165470
-327694
918227
-412924
985619
-544318
924854
687622
769308
-439901
394683
444331
106512
765179
-34195
-274268
-6235
-238295
-704533
752386
66852
172524
-338430
-872987
860462
-453555
628807
177808
208262
-376101
-885467
664990
197098
-166539
-347619
-309272
942477
741283
113564
43116
493169
736030
-325457
352342
761557
203648
-682976
-213924
-925067
-946485
879938
112149
156526
-306557
549208
-824150
-629815
952486
-99944
-62569
-425881
679847
600539
774076
558617
790283
-459034
362694
-355370
-431624
145633
587482
49880
-136435
545079
628947
795887
102481
-62155
770528
-295917
76081
-92680
-738935
-308034
158375
-902369
109962
897196
942858
41829
-473496
139125
297654
504414
759969
108534
-825508
443306
-65860
520587
-37674
-412379
425079
638924
608936
665372
-307023
588299
444955
-819028
-437028
-556181
-22849
656182
108635
379130
686295
-246703
836591
648872
-774446
280225
806908
-419153
-236804
439810
604984
815446
-703839
-392725
888698
-872412
-318074
-702172
-240986
-180344
-276847
544346
-807812
319825
-125163
-110191
53741
415637
574174
926228
585115
326954
205622
308958
734733
-418691
146576
-670457
398934
-547077
-121509
-91915
983520
-2558
-658193
-510372
332808
724695
875936
316385
-707994
-638619
-153665
284010
-673441
-175298
312105
606583
-951605
984486
-257824
584995
-423797
619215
217511
916654
-588323
-477940
-290946
632554
541229
-66547
893479
920002
-512270
833418
-706058
846339
-42771
-540194
449665
21787
-486567
-951863
433519
460633
-585365
-196597
855141
-363021
-416105
-523679
562786
726737
-808129
-650771
-812724
265288
467214
527379
-432603
-24160
-337382
-578903
-333586
-89155
806311
-393211
-835119
33784
824900
-306453
-654811
-369899
-681147
921104
250518
-390859
309350
903980
604389
-670791
-360122
-309460
-495710
-997431
927123
-218492
-725267
710402
294722
-902930
-271393
320625
118135
882034
516671
782876
176773
732267
-270195
57640
449501
867334
846839
-780986
-67849
387318
-7587
15363
616158
107895
64820
-648825
312569
188995
134740
727749
-395346
385888
-628338
477934
124239
-340272
-682498
647905
-760026
-715074
95624
185157
-6459
-10724
-637314
412415
-845792
225531
-376541
-31616
25572
523189
-62161
-124848
674500
583704
-897498
210528
683423
-707210
-43859
-118051
-282515
-834469
-808819
403226
457522
599829
813928
319387
188302
-585901
846838
169264
-801929
232600
95587
-154456
943586
-683154
10420
211247
29924
795666
793984
275360
839561
-533227
392053
375399
-813873
-722017
-655900
-173486
-756103
-33256
-704562
-698477
-811225
95023
980399
-891251
-505629
656866
-42979
-116930
463658
369688
124456
116891
-816164
-583870
693096
-98150
-945804
305534
-288016
464941
244106
948965
570513
384968
-833056
587381
-486695
-447787
-504493
946427
446646
-566658
739277
-384133
888601
-816505
766857
504453
-869756
-956175
-796950
525327
-472368
-199709
-766184
737909
614937
246720
-983317
519545
-523811
-783718
4949
92320
-876933
-938168
564668
-412658
-897261
-866527
754197
856575
-447438
417806
918662
394072
-783973
731198
-496194
782444
-182066
-481739
323761
565689
-665054
125728
-631376
720767
-680253
621831
-208061
55480
774343
-103566
-850392
240182
-431735
372051
972417
167606
-916572
-688461
-961282
-51822
-1831
-592297
618462
905808
240411
-284277
991896
907246
-279161
623946
705675
-244107
-241566
283344
161096
-679799
513138
279116
709797
-608020
170548
-733156
-768820
-963972
388996
-236763
-588165
476184
774889
141862
-410529
-6533
866668
-318691
232042
657449
967342
2225
841110
29187
-640103
-563468
367172
554807
-582010
15263
431918
-678851
289425
-35341
874851
-202152
387407
-52720
-128465
-9208
-318901
-341979
314720
162834
-846261
35750
978451
-901556
-566995
760183
-754496
-897216
959425
652082
-767505
480064
876122
812451
-136247
-435796
171212
-75713
506141
-382347
304280
385967
290592
115688
76611
741270
192163
-296386
-451949
769515
435721
-292323
31300
-838482
404407
585395
-378156
-921104
321273
3160
-902939
618966
-346553
261358
606048
979269
316561
-422800
837687
602442
93617
216370
-330517
-89292
551024
379712
-734875
501926
-524427
-496070
-376012
-674315
-493897
446579
-583447
-839668
840734
-886870
469303
-242103
385071
185371
-799120
-798641
-798543
-391582
-104274
69177
-363950
-49645
659019
385802
-434111
-648538
870387
113579
-84286
-84800
-297326
816120
929473
771118
481007
781849
182342
584249
102062
-669401
252319
-778297
-357661
743693
269132
621900
817903
614220
-954021
-493392
35954
-953575
954743
204847
-594979
93957
-731651
-287371
189243
494276
612772
-360037
832219
674210
-520069
924088
-878297
839456
660958
-485778
407659
-847348
-358438
-152636
827400
-531030
261418
505961
383559
-7285
-82738
621520
-819554
718713
-371509
674343
576361
127130
822078
-851054
115483
331234
-985012
194335
119656
964939
587301
-700889
475372
948597
-439377
966298
304173
-788112
56823
-905244
746804
-500941
-830342
812594
-762903
-488057
812580
512862
184678
-987704
821231
-739340
427594
658370
-109344
220889
986536
571461
416056
-497868
-170243
399996
179317
-780427
791464
587395
-798405
-188615
527294
468130
-167236
-85977
707469
515219
304082
-811512
544999
-335719
-331690
-127824
77921
928801
-389052
-97107
996618
-163915
823428
118363
-498126
-230250
-272785
933907
-305403
-30718
-306772
578978
-684631
310501
400901
-630011
-528602
433311
501021
-606740
660178
104574
955401
765660
-858287
131991
2548
-510502
-564020
782392
-437899
-310434
-47074
486105
-365153
560053
174714
681339
-701723
695339
-762372
-789186
337740
-246711
333727
324341
515690
-222345
569795
267655
303374
412336
-269465
87598
611974
-29190
642792
-908322
-973364
-766257
614358
-218
-277730
426974
-779661
92997
498379
81088
-605445
627195
-850246
25584
394745
52905
992612
304330
-122751
-798374
-431613
23537
286041
720395
-708002
539633
-205860
64070
134732
667385
-121149
-304903
388591
68394
-256456
63102
-171275
408891
-935677
189334
-105664
-208178
-51726
842439
-189012
-696335
-694129
-47990
587523
-691847
-604434
661233
-697292
334912
153906
858208
892363
-653047
206750
425496
-991259
-831021
427028
-545837
-514355
21657
372611
118826
-919618
830651
-136960
151900
-327510
236697
-333382
-776425
683065
-334615
263511
-341763
-950964
320397
302901
429316
988356
114102
-321886
-362883
-988291
-900450
-942911
169045
-748926
-235615
-858357
163854
-212852
-772130
12581
640117
27192
579574
304050
-862055
-427151
636660
702097
549889
-186577
900798
101166
730322
-446566
928956
546854
-915599
-201990
670495
863413
-946950
-606770
-291983
846191
-3304
951504
-692788
-655053
-882588
-68377
-117559
-16328
408691
638495
806040
804340
-196307
554764
-279829
-974453
805809
176885
-837732
-2192
-333837
955399
-202473
-213091
339626
-512064
-301343
-227291
893983
946518
-293113
322758
-26392
275502
-895116
-814984
839506
618737
392097
-146285
30586
334898
-829384
-709787
113282
119650
-524077
847788
565384
263726
-287086
-426043
-16408
83467
222297
44023
511452
84453
-797871
402679
-529538
17107
203270
550857
-713143
-720671
-610824
-780978
727151
162258
255114
882320
-12242
-438847
-571394
-948272
30485
-643901
45685
-838400
212027
-562898
462124
-505358
523673
852399
877916
632952
336158
305840
-579483
361247
-898346
814556
143906
-147231
-602902
-67531
528342
-680316
-306657
173656
-347564
-229343
915274
237940
332404
182695
78986
286296
-694216
-992407
387045
716262
207593
885713
-31482
652320
-230832
-465763
-350027
-700165
-94009
-568728
-29487
480656
-168655
233970
-226818
-33175
471774
209546
159640
178356
-741996
312288
828957
450650
-630011
-565594
126086
468872
-925973
-306941
307696
-449137
-795186
-616100
-240923
705596
-149689
-13260
-743027
-981100
-673638
551537
-813852
316962
-531696
362425
178202
-728920
-50926
-627489
-276400
755387
506383
-168590
213094
-605562
397466
-833579
598297
-648814
-355359
185595
49860
179911
832101
-823497
-981971
935546
400938
540841
-213803
746548
-272278
510073
827763
-18175
-345520
-532862
-688240
-825714
634729
445148
-685532
-810482
302372
-16616
554541
273172
404360
-717250
-793059
-556092
940796
-468457
-605505
-849133
276387
-332361
260954
-21086
-174857
272129
968096
-398512
723765
403445
358044
146421
-761959
472269
-163298
-516099
-990078
489510
453482
-155709
-130325
-24263
-424543
34339
204294
919445
33768
330480
-134636
-192928
870913
-897025
67940
653650
308081
76554
179536
-201083
489467
-901919
811605
609699
-204010
58132
454682
553005
-185327
-356618
-289463
-991072
831154
649884
623259
582967
789991
-948118
-914929
401491
137630
703815
-933075
-517696
-56609
279881
-117243
-196200
535358
777160
-477122
-386672
988758
701844
154840
-655458
335590
916306
-342257
418789
131758
-752817
-485427
-756031
-701397
6591
605471
210432
557856
173901
438227
-198306
-637665
-439967
-720583
-661849
576357
152082
318320
-84335
-448951
24028
979756
-15400
-486121
624257
699569
428022
-329969
-99560
-995134
-319973
962004
-599646
-892090
546672
-727189
-628436
-726160
357856
-1749
-422681
-916472
-481688
-960097
263594
-194352
486153
413877
-653008
646167
-491507
489004
-787233
514831
-580142
989043
-749710
418580
-550319
5986
66223
-490117
287619
-674269
-992363
75553
-36123
868294
-598835
-942435
-434371
467344
-852679
752192
911379
-706636
936019
-413795
219725
-584517
-83041
-835052
-401324
-593339
-43455
-444449
331686
-675606
-644291
-85214
-244318
-665639
-938501
-610121
-874767
964841
-396149
-220258
-725406
-696526
364601
752567
364755
454968
-57988
-286638
48491
803919
-786220
535228
633407
-933400
-241682
833896
79046
-945140
-845727
101595
819504
35609
207590
-523745
-452333
-486136
-605674
645756
-952140
-285482
378008
611805
-25712
487347
129287
-767765
-795956
-911590
-961681
-666065
-637786
-16756
347303
249713
691796
698630
-268791
-409903
77891
-357031
-511434
35613
798846
-421081
298151
186191
46950
-421489
-297389
-87491
756003
3487
362098
-772572
-769632
22192
139027
817490
353761
270707
-652127
533478
718495
-777252
-900741
698380
-956393
-559720
-555507
57003
558557
-605593
941294
15090
-613098
579757
65694
-615118
-335938
-326087
-662842
-189423
-36595
25419
668560
-477408
636646
701094
-668951
-168794
-683085
711193
-628811
459515
165302
440050
-770805
-607161
-591890
431479
-815773
155435
613486
-865478
-251308
-731861
830998
-134062
-578108
742522
856172
453731
-883849
-88159
-187843
4862
-753651
-956911
-248780
30370
365922
835318
222991
994836
-493097
-993519
34724
-58261
179769
775214
-78247
-607289
718169
-820547
314885
546075
-356012
944924
-670634
190112
203100
440
-953592
308002
-960799
-760393
-729296
-792325
79071
348426
-139318
856437
-63925
-551893
504177
-768564
-419732
-940917
285200
-5564
-266361
-949310
824410
-33982
-419252
-12550
-880268
-248784
-291983
-882890
-890755
-727281
-6706
-200095
-782354
-653126
-447781
-845904
-76371
54613
285593
993700
367551
252488
-541022
202338
269135
-927834
225227
-881236
-500995
509784
75542
-687131
-237672
941655
-460661
557161
-813791
580854
639478
23229
53523
-275909
-70609
911955
-245466
-741778
967352
-591150
-226869
497124
780172
-279757
-400165
3637
-678557
447336
-548205
-881115
-986664
233677
781877
954859
543303
-841230
-272123
860180
314137
498890
-734302
458333
-692619
-159914
-247222
-948367
-557122
549588
-346866
806317
-504282
575617
-844102
702072
-475063
-135410
799991
-33982
-779297
982911
514842
-538301
-493177
-538222
972148
-648391
600623
-189191
-465155
758845
-424834
-326140
515999
-176304
-999324
-886750
294500
-170762
521259
689659
-517214
-425235
-224314
53352
960040
362256
406409
-613757
-43031
-528975
-173917
538188
-744719
-185641
560918
618498
542500
381664
904937
78693
-257502
-612069
-199982
-259190
940172
-397666
744831
-863146
471602
-635366
-701578
-793514
-27605
713310
576089
-199276
-328964
782721
427244
-795980
-789978
312906
-952149
-153710
-683052
-512405
-575059
-850097
243309
99215
810957
959858
-682871
-426882
449306
-235331
155275
284174
932179
-609981
-42064
591069
724057
517102
60981
-522355
-899197
-382310
-719674
-14618
881939
728587
799023
-597654
411155
-937797
414472
-772561
231775
214678
-783252
543732
-325798
922484
359958
-381382
-202230
583781
-687084
621095
4764
617072
-715979
742796
306792
-785521
-612836
-234095
831981
-560800
335941
-441965
758821
-695996
512082
310905
-595695
-616463
335706
-542979
-268846
394575
426721
920969
994410
886887
-527254
840786
379416
90405
674722
936979
667931
744604
735863
267006
-584985
-328863
-4278
-119220
-727881
404466
701482
985112
10069
-161370
374823
-495372
325789
391996
366254
94535
-277554
-476103
279085
338970
-181641
-361256
467489
728596
384989
-712321
-335138
827149
898004
154451
-826338
-883154
291266
-155967
-722393
-105502
75975
667494
323785
-564147
715675
304096
-45965
-775621
-321490
714199
-283263
-92922
733847
97572
-66064
9196
-124599
922830
-853138
254087
-139786
-800536
728709
-43433
-781278
-784135
-776833
-179052
2468
722001
-715280
255250
-15675
-107551
-582203
-879156
765791
647769
614068
-848125
-379303
-906660
143347
-608383
-375810
42190
964800
728821
851786
-661846
684201
604828
188633
963466
-572811
-724457
375763
864334
813017
-166820
726764
917551
552623
-584037
844140
120983
-247510
-753627
-441401
-742094
-695871
-875412
-54071
-232846
-885479
-845727
992736
385918
210900
991947
-801232
914362
-858678
-838829
580669
401725
-243103
-712482
-646282
132140
-224654
-625039
-101194
-760039
598965
271636
-618400
977234
-148729
-681130
-243816
-325291
-91916
-39013
-888599
-115022
-334038
405653
-190560
289402
-533963
-960733
-462234
-270268
743765
874832
-239663
-433958
-414858
681021
576337
756841
611716
968546
460266
-564047
659667
-91799
996582
-831205
445784
-721622
370253
7863
-36244
-177182
-242447
214333
546952
935459
-121615
690506
299777
245627
349737
-316069
551240
-956298
136900
-101496
-180688
832524
322006
130811
232369
374146
-684321
761977
-247626
-639779
737025
719072
476349
-945449
711111
806121
-370534
-50876
-265183
-858909
-384902
-201742
-420552
345293
172996
-219396
66990
440871
1148
-767234
-871282
526292
-708293
959614
416187
-455959
516433
-316503
585227
213844
481119
376502
551982
206254
514292
-333478
575248
-557293
780165
-606855
748432
572946
-475828
-390925
461943
614014
-838907
-756695
-118458
860448
-451274
-891169
19424
-359012
-634432
275214
969035
-745006
248570
951931
-299682
589707
713951
-413235
821722
306936
-958277
648015
-769743
997652
661458
646043
-81724
-932412
354502
-55882
254314
-34584
-459996
-39851
28555
-406582
562391
526014
-855997
514925
-818690
-127231
428315
-137564
-853887
-250730
506273
-197329
-291275
125113
128809
805454
349750
-823433
283893
-357193
637746
927921
-399754
285202
6310
-641215
-146746
91777
138135
-325141
-264861
531025
22364
897004
430486
171078
443953
-952032
31780
-114599
-948470
349081
-921867
532676
-692344
-6136
-427281
-625962
-726611
704372
-439779
-867322
265404
-970044
981683
720549
-232074
374463
170371
254979
-487286
65984
223969
177887
-583351
-354162
141699
-339168
-729466
205610
319470
-635682
-464452
305070
908184
-261514
-136198
270312
-22854
756925
-27760
-73926
436377
481879
734912
-983759
88018
504564
601757
-486188
-895384
165714
-145078
-685448
459595
908776
-83711
-90424
-283158
-441184
193279
837208
820731
399958
415754
283922
-820483
-240318
588668
709529
786099
-298488
-226881
-455748
791850
901234
-327384
-350478
-159437
872673
9832
-834833
394770
-558671
172572
818313
-526363
-66475
212197
-141555
-21498
-929409
-543961
414330
-43100
-668664
-124367
501794
-801989
160853
183735
258043
847702
-606824
-215457
-987575
140579
-446258
671200
285571
556473
475722
-664260
524711
327908
409795
190245
-411766
193414
188419
-872830
286505
-605479
646206
856868
189537
-382248
-836169
42968
939045
884593
-966255
-143540
-493529
-679834
-374374
800433
-638479
239579
979551
-458841
958296
310822
-259056
265326
186346
-430899
39491
147820
-69272
66719
-215607
223629
672142
204176
26385
389850
860172
-438634
-21559
-740862
-756484
461408
738748
152840
-955349
272245
-122803
-68519
-765509
947758
406368
-772170
463915
815965
718301
-414710
849391
550401
593908
552659
138402
-659570
95014
391674
-4299
-927014
-789239
-836341
-469480
551360
-920877
-952470
262710
-498391
-69705
-401591
-702968
996400
357731
750119
636598
-805398
-688338
852656
-645812
-216158
-516684
-863673
-496405
-222953
-531417
510782
39602
-601370
277584
-260736
866772
171060
239972
264983
979295
-914125
867015
-706764
406929
-271649
201543
70379
-883600
333924
294042
330849
747802
-558255
931328
-295913
173857
-460586
-118338
30064
-382328
653066
-493821
755556
-310184
-892750
-933026
695628
-977302
777439
284391
703714
562244
-633995
595456
-735329
-880208
139322
283040
92485
895180
664726
800791
-359575
754996
402114
749695
-375167
982352
823796
267578
938640
703676
-338508
-890609
-68921
19629
327847
736858
21797
917640
82614
814842
139570
828855
651379
-81312
399608
-539575
-55341
698462
257230
96136
-439187
807961
700335
373217
38382
-20185
-898819
916153
355080
610388
708255
351545
-999620
58827
472688
-720410
64638
973798
494641
-426468
661008
558442
191699
-252189
-310061
-672387
-877163
474180
-631616
916989
450827
929139
32898
-1837
33388
667449
-256630
775423
-256818
-210478
44998
500307
703054
937157
102871
-185884
-404058
-296567
-373466
-708319
586250
389180
-958107
-835416
-879094
-963893
490885
29711
-197948
148119
424288
-294421
-742390
408930
-986328
26763
434816
805412
165732
58984
802583
450377
-400378
-13518
-759076
931106
-659234
278888
-347573
498229
-283556
-18771
-907168
-887719
523141
495124
951144
-586239
294293
441804
502855
-646687
-531939
-894469
-874157
-160806
729312
539998
-254217
338594
446188
-513916
-149683
-710554
-206025
579408
-36473
-551361
-466867
-422907
254668
-318197
-878028
100674
685891
-180297
-96407
852943
-45261
832504
69354
-383709
-272125
-139182
993366
700944
212067
-70889
345035
-335210
-465096
769686
486204
-803007
-181908
-838439
-93272
-525006
524150
18028
687014
139242
-550653
819098
752535
-568083
615652
999421
3129
794301
-697224
-366235
139252
-496056
740691
-228262
449583
-304849
623943
-420136
614796
901732
911375
964081
975565
-829449
384188
721570
850295
-16042
537159
319255
-927940
-154414
195202
-478256
-573983
-849323
524846
-475459
942395
725121
679911
14577
599237
953199
833126
-645972
-784818
-41108
-688510
566306
325485
424514
-938721
263338
329647
-325901
255744
476892
60629
318987
40262
780391
406600
-80154
860350
-242820
-74563
487472
957644
334786
-54301
37769
858087
895250
632460
705858
428438
989915
43312
-544230
-124484
-361612
-933119
202480
-62025
881447
956197
127350
-359293
745855
32422
484905
806817
550537
342324
-743381
-286817
-449808
-347585
-118499
-574617
-72654
456166
331502
252302
551003
486522
-190002
657962
-77755
-253101
442528
-604950
295236
-949084
327297
50811
-241659
-157201
696752
-863208
374627
-358888
818019
-77839
-560008
62570
-133005
-336260
-730566
719335
926116
795909
-677359
386252
-74155
-260483
589562
-173465
-766384
717982
-102301
742174
-561217
-350160
-191981
-98553
356752
-486045
143233
836140
-943984
139171
214286
-326347
-154960
-639476
685355
191363
-93051
-676221
979064
187293
-853456
-322623
-329884
348291
-728907
-667290
-218791
676982
568213
-788182
960015
-77161
-599181
-21058
276997
114476
-133437
606431
175243
727833
350866
-396330
-108709
-933670
698081
753811
410220
-911080
257939
377517
-262994
-555806
611259
922664
-209899
757042
-594466
-756402
589752
-465008
-854455
-557963
85780
-286476
280984
-636026
339805
-266037
445196
-881089
-44551
81872
72763
-516008
805662
892409
-848679
854267
832447
-228152
369205
-665749
367639
-681317
-370369
-503345
48239
-13130
624105
444336
162282
530559
-162998
371094
-55926
-495484
-756984
-801921
-926007
-559852
552040
75802
19153
383930
383147
499551
300393
-305362
397459
-298963
-700399
-984517
-726106
285829
-567705
-679052
-815121
-301713
-224954
-726222
-226827
593482
984636
-501716
-409579
-664420
177340
741175
591368
-899576
-784651
-902924
-491964
609803
428586
916782
-737993
-12385
-726276
91984
812069
804792
252380
941572
-386363
-280337
-817003
-618795
-231393
-373679
347174
-444209
861836
956172
391763
-338045
231591
-741884
633289
929302
656192
6507
735617
-270017
-563927
501368
983068
-313643
731123
-750379
520185
92791
897736
327462
-352835
510449
979268
452329
-627220
-265557
531764
163762
-106375
-224935
-892453
-961736
270631
290017
-254478
-112021
83835
800835
741478
300364
-420785
-410413
-845713
-809409
438958
-167869
-82208
-10949
699520
-836262
666232
-124485
162114
730573
588636
-997532
-546498
60703
278205
504426
187777
-866715
549764
-627840
-856068
-305505
584718
260254
228402
772038
-123840
711414
788244
193840
356596
-507081
-760219
-958230
843748
-617199
261289
186668
-506870
156528
-950332
-862924
465480
291123
597946
-139080
74240
896872
37854
698002
328480
-967493
-134352
-95381
-644778
733274
-287234
-459047
976807
-412099
907895
-192608
-257937
-743088
-614480
818131
173358
-21672
63725
65820
26152
91506
531913
961376
-857292
-289838
-953625
-260818
642922
157819
-432161
-217277
-777250
895386
-73752
-450387
338666
640656
-827802
345101
580945
192698
-677512
-176539
8089
-373711
838248
-659613
-328668
-27170
473826
-803388
-989229
-485132
632873
-440415
458696
583749
574819
-605699
-477389
-58177
391228
-739266
982763
82186
20343
698172
617730
799681
-383723
157205
587039
123058
-758909
295660
-412588
134077
281386
-71941
-150445
-300215
-156273
798370
504804
-639497
-903761
-629522
68960
-845113
-444585
-505010
-87066
17431
-998403
377118
-85735
795687
-161983
679653
-763916
510314
-453958
-345461
724056
-526426
229052
773885
-344731
352556
595507
-613461
534971
630738
149331
320805
258284
867662
-766641
7242
471239
179753
-147771
-538235
-791050
-442188
-53756
750198
684976
-494370
-340576
528360
-546199
-221881
947679
782715
-478928
903090
-630903
475783
-970595
-664518
-358712
-129661
347724
-938052
753067
-186379
210298
123535
-101832
775695
-997849
-688196
-396970
-676979
51092
186645
50604
-88887
863553
313580
-242141
-875382
-927347
906936
674933
-94548
-949621
-363562
-421290
149002
977122
-517228
-315946
119825
-337231
-444609
-381593
-264367
152881
448511
282935
-640845
334920
481622
516802
378565
-267011
-851723
-845719
-799124
-64314
-477072
-958836
532185
-603093
43376
186438
629625
-597100
408498
-421975
-988777
412084
709505
532137
-593057
-660362
736727
-51166
432777
336029
-16404
24825
-19336
453710
58856
-344741
-935499
-939743
-169578
-654582
-89419
-824889
530475
812958
-342282
-488314
808058
857119
744081
-24591
-439167
-402714
731866
117094
400935
-397323
541696
-513726
429661
163935
-302745
56993
651500
454293
689235
-902149
-473507
-603368
750402
-357494
-192516
-841338
798246
-539266
715050
-160961
406678
-153768
-114179
-761898
536090
-256350
202225
-826739
-92245
133316
-932896
-17776
-799478
-713725
-478186
-661882
-612061
172683
991546
-99046
625019
358425
390434
-400220
834661
432596
-231230
-676445
-443917
202952
-232788
504405
-800982
360901
-180764
829324
-24752
-666729
546543
873817
-956904
-211499
-307112
938010
419099
250743
-690749
53983
-595669
190934
368826
-639844
934795
-675339
870746
481165
524945
543345
-204546
-740520
-430937
79144
842647
204999
-742144
413893
-468616
435119
477977
247505
284462
-902320
-853129
-612240
-236522
-73679
-77946
-12316
-916775
750186
657584
452551
-336365
-73911
630602
-718501
548339
-701650
-430794
899979
-842050
-506753
-482524
-60900
157729
162757
-675163
612504
316840
-947491
-609747
308548
156659
-713499
-806524
238387
-623071
366732
-220397
757534
-595138
979341
-978796
-130941
-86774
897729
885831
448416
-695025
-529630
-945077
-576699
979523
-546768
-60082
-467337
215837
945670
146854
946848
408538
-285757
-827080
917820
959507
-918736
72215
-282524
-71077
-911312
970385
617331
715943
316641
-782047
392898
214737
956932
569884
-607416
555328
284856
119578
862636
-956430
775117
-288265
264806
-173836
468060
756090
67673
392061
741149
484104
-854688
-995170
-354686
589692
687530
-533085
-325899
518967
-202699
314063
-494266
846548
-61960
783640
-696573
-800967
819714
184761
631470
19072
-701030
-367950
450014
-186204
108154
987274
-221888
-990775
-598231
-925409
-346132
168868
982647
-12888
996879
-934853
182031
367542
-293306
-640703
946658
146268
-565163
21429
933492
761870
-222165
-142018
-864639
890849
545438
255413
-109140
936830
-627082
583560
-23463
684719
1041
-807130
-269521
-759420
637809
-396783
444603
-61957
884448
44197
625591
-4477
949981
-964871
